 Temperature versus pressure for Jupiter. - Realistict top and constant N in the bottom.
 Data from Seiff et al, 1997, ``Thermal structure of Jupiter's upper atmosphere derived from the
 Galileo Probe,'' Science 276, 102-104.  Data for p > 335.30 mbar from orton.dat.
 Seiff data have been smoothed with 2*5+1 boxcar average.
 NOTE: The third column is needed for the file's format, but used rarely in some Newtonian cooling schemes.
#   p[hPa]      T[K]    dT[K]
1122
1.08100e-06	883.78	0.0000
1.11700e-06	880.29	0.0000
1.15500e-06	876.58	0.0000
1.19400e-06	872.91	0.0000
1.23500e-06	869.48	0.0000
1.27700e-06	866.36	0.0000
1.32000e-06	863.56	0.0000
1.36600e-06	861.17	0.0000
1.41200e-06	859.17	0.0000
1.46100e-06	857.60	0.0000
1.51100e-06	856.48	0.0000
1.56300e-06	855.77	0.0000
1.66200e-06	864.14	0.0000
1.71812e-06	863.72	0.0000
1.77604e-06	863.52	0.0000
1.83580e-06	863.52	0.0000
1.89744e-06	863.74	0.0000
1.96100e-06	864.14	0.0000
2.02652e-06	864.70	0.0000
2.09408e-06	865.41	0.0000
2.16368e-06	866.23	0.0000
2.23540e-06	867.13	0.0000
2.30928e-06	868.09	0.0000
2.38540e-06	869.07	0.0000
2.46380e-06	870.03	0.0000
2.54460e-06	870.95	0.0000
2.62780e-06	871.78	0.0000
2.71352e-06	872.51	0.0000
2.80184e-06	873.10	0.0000
2.89292e-06	873.52	0.0000
2.98680e-06	873.74	0.0000
3.08360e-06	873.73	0.0000
3.18344e-06	873.48	0.0000
3.28648e-06	872.96	0.0000
3.39280e-06	872.16	0.0000
3.50260e-06	871.05	0.0000
3.61604e-06	869.62	0.0000
3.73324e-06	867.87	0.0000
3.85444e-06	865.79	0.0000
3.97984e-06	863.37	0.0000
4.10964e-06	860.62	0.0000
4.24408e-06	857.52	0.0000
4.38336e-06	854.08	0.0000
4.52780e-06	850.28	0.0000
4.67760e-06	846.14	0.0000
4.83308e-06	841.67	0.0000
4.99456e-06	836.86	0.0000
5.16236e-06	831.74	0.0000
5.33688e-06	826.33	0.0000
5.51852e-06	820.63	0.0000
5.70764e-06	814.69	0.0000
5.90472e-06	808.52	0.0000
6.11020e-06	802.16	0.0000
6.32452e-06	795.66	0.0000
6.54812e-06	789.06	0.0000
6.78140e-06	782.39	0.0000
7.02520e-06	775.71	0.0000
7.27968e-06	769.04	0.0000
7.54544e-06	762.44	0.0000
7.82268e-06	755.94	0.0000
8.11236e-06	749.56	0.0000
8.41500e-06	743.35	0.0000
8.73080e-06	737.33	0.0000
9.06024e-06	731.52	0.0000
9.40424e-06	725.93	0.0000
9.76328e-06	720.59	0.0000
1.01374e-05	715.50	0.0000
1.05280e-05	710.70	0.0000
1.09350e-05	706.19	0.0000
1.13592e-05	701.97	0.0000
1.18011e-05	698.06	0.0000
1.22614e-05	694.45	0.0000
1.27409e-05	691.13	0.0000
1.32402e-05	688.10	0.0000
1.37600e-05	685.33	0.0000
1.43007e-05	682.83	0.0000
1.48635e-05	680.55	0.0000
1.54488e-05	678.46	0.0000
1.60578e-05	676.50	0.0000
1.66912e-05	674.64	0.0000
1.73504e-05	672.79	0.0000
1.80360e-05	670.90	0.0000
1.87496e-05	668.90	0.0000
1.94924e-05	666.71	0.0000
2.02668e-05	664.28	0.0000
2.10744e-05	661.57	0.0000
2.19176e-05	658.55	0.0000
2.28000e-05	655.20	0.0000
2.37244e-05	651.50	0.0000
2.46940e-05	647.47	0.0000
2.57120e-05	643.13	0.0000
2.67824e-05	638.53	0.0000
2.79084e-05	633.71	0.0000
2.90940e-05	628.72	0.0000
3.03424e-05	623.62	0.0000
3.16576e-05	618.45	0.0000
3.30424e-05	613.23	0.0000
3.45000e-05	607.97	0.0000
3.60340e-05	602.67	0.0000
3.76484e-05	597.31	0.0000
3.93472e-05	591.81	0.0000
4.11348e-05	586.10	0.0000
4.30176e-05	580.07	0.0000
4.50016e-05	573.69	0.0000
4.70952e-05	566.94	0.0000
4.93104e-05	559.85	0.0000
5.16636e-05	552.43	0.0000
5.41760e-05	544.71	0.0000
5.68704e-05	536.75	0.0000
5.97652e-05	528.64	0.0000
6.28800e-05	520.40	0.0000
6.62356e-05	512.04	0.0000
6.98560e-05	503.62	0.0000
7.37616e-05	495.13	0.0000
7.79720e-05	486.60	0.0000
8.25112e-05	477.95	0.0000
8.74268e-05	469.14	0.0000
9.27820e-05	460.12	0.0000
9.86524e-05	450.78	0.0000
1.05122e-04	441.04	0.0000
1.12289e-04	430.86	0.0000
1.20258e-04	420.17	0.0000
1.29145e-04	409.01	0.0000
1.39120e-04	397.48	0.0000
1.50396e-04	385.67	0.0000
1.63146e-04	373.70	0.0000
1.77672e-04	361.72	0.0000
1.94412e-04	349.88	0.0000
2.13692e-04	338.29	0.0000
2.35873e-04	327.04	0.0000
2.61439e-04	316.20	0.0000
2.90912e-04	305.83	0.0000
3.24798e-04	296.04	0.0000
3.63668e-04	286.81	0.0000
4.08328e-04	278.04	0.0000
4.59476e-04	269.67	0.0000
5.17808e-04	261.67	0.0000
5.84096e-04	253.98	0.0000
6.59476e-04	246.59	0.0000
7.45884e-04	239.47	0.0000
8.46052e-04	232.66	0.0000
9.63528e-04	226.17	0.0000
1.10264e-03	219.94	0.0000
1.26740e-03	213.98	0.0000
1.46239e-03	208.37	0.0000
1.69190e-03	203.20	0.0000
1.96076e-03	198.56	0.0000
2.27740e-03	194.47	0.0000
2.65240e-03	190.86	0.0000
3.09626e-03	187.61	0.0000
3.61934e-03	184.74	0.0000
4.23252e-03	182.14	0.0000
4.94815e-03	179.81	0.0000
5.78510e-03	177.73	0.0000
6.77020e-03	175.85	0.0000
7.92576e-03	174.12	0.0000
9.27963e-03	172.49	0.0000
1.08625e-02	170.86	0.0000
1.27061e-02	169.21	0.0000
1.48585e-02	167.63	0.0000
1.73674e-02	166.15	0.0000
2.02919e-02	164.80	0.0000
2.36982e-02	163.63	0.0000
2.76614e-02	162.61	0.0000
3.22773e-02	161.77	0.0000
3.76710e-02	161.05	0.0000
4.39509e-02	160.46	0.0000
5.12206e-02	160.08	0.0000
5.96522e-02	159.94	0.0000
6.93888e-02	160.01	0.0000
8.06580e-02	160.23	0.0000
9.37271e-02	160.54	0.0000
1.08831e-01	160.87	0.0000
1.26216e-01	161.21	0.0000
1.46138e-01	161.57	0.0000
1.68928e-01	161.91	0.0000
1.94978e-01	162.28	0.0000
2.24718e-01	162.66	0.0000
2.58627e-01	162.99	0.0000
2.97405e-01	163.28	0.0000
3.41780e-01	163.45	0.0000
3.86394e-01	163.61	0.0000
4.31213e-01	163.78	0.0000
4.76207e-01	163.94	0.0000
5.21326e-01	164.11	0.0000
5.66521e-01	164.26	0.0000
6.11734e-01	164.41	0.0000
6.56936e-01	164.53	0.0000
7.02052e-01	164.65	0.0000
7.46984e-01	164.76	0.0000
7.91604e-01	164.86	0.0000
8.35800e-01	164.97	0.0000
8.79464e-01	165.07	0.0000
9.22420e-01	165.15	0.0000
9.64520e-01	165.18	0.0000
1.00557e+00	165.18	0.0000
1.04530e+00	165.12	0.0000
1.08347e+00	165.03	0.0000
1.11982e+00	164.91	0.0000
1.15408e+00	164.79	0.0000
1.18591e+00	164.67	0.0000
1.21491e+00	164.52	0.0000
1.24068e+00	164.38	0.0000
1.26271e+00	164.26	0.0000
1.28028e+00	164.15	0.0000
1.29264e+00	164.11	0.0000
1.30512e+00	164.08	0.0000
1.31772e+00	164.04	0.0000
1.33044e+00	164.01	0.0000
1.34328e+00	163.98	0.0000
1.35628e+00	163.94	0.0000
1.36944e+00	163.91	0.0000
1.38276e+00	163.87	0.0000
1.39620e+00	163.84	0.0000
1.40976e+00	163.80	0.0000
1.42344e+00	163.77	0.0000
1.43724e+00	163.74	0.0000
1.45124e+00	163.70	0.0000
1.46540e+00	163.67	0.0000
1.47972e+00	163.63	0.0000
1.49416e+00	163.60	0.0000
1.50872e+00	163.56	0.0000
1.52340e+00	163.53	0.0000
1.53828e+00	163.49	0.0000
1.55332e+00	163.46	0.0000
1.56852e+00	163.42	0.0000
1.58388e+00	163.39	0.0000
1.59936e+00	163.35	0.0000
1.61500e+00	163.32	0.0000
1.63080e+00	163.28	0.0000
1.64676e+00	163.25	0.0000
1.66288e+00	163.21	0.0000
1.67916e+00	163.18	0.0000
1.69560e+00	163.14	0.0000
1.71228e+00	163.11	0.0000
1.72912e+00	163.07	0.0000
1.74612e+00	163.04	0.0000
1.76324e+00	163.00	0.0000
1.78052e+00	162.97	0.0000
1.79800e+00	162.93	0.0000
1.81572e+00	162.89	0.0000
1.83364e+00	162.86	0.0000
1.85152e+00	162.83	0.0000
1.86956e+00	162.81	0.0000
1.88776e+00	162.79	0.0000
1.90612e+00	162.76	0.0000
1.92464e+00	162.74	0.0000
1.94332e+00	162.71	0.0000
1.96212e+00	162.69	0.0000
1.98104e+00	162.66	0.0000
2.00008e+00	162.64	0.0000
2.01924e+00	162.61	0.0000
2.03852e+00	162.59	0.0000
2.05788e+00	162.57	0.0000
2.07736e+00	162.54	0.0000
2.09692e+00	162.52	0.0000
2.11656e+00	162.49	0.0000
2.13628e+00	162.47	0.0000
2.15608e+00	162.45	0.0000
2.17592e+00	162.43	0.0000
2.19580e+00	162.40	0.0000
2.21572e+00	162.38	0.0000
2.23568e+00	162.36	0.0000
2.25568e+00	162.33	0.0000
2.27568e+00	162.31	0.0000
2.29568e+00	162.29	0.0000
2.31568e+00	162.26	0.0000
2.33584e+00	162.23	0.0000
2.35600e+00	162.19	0.0000
2.37616e+00	162.16	0.0000
2.39632e+00	162.13	0.0000
2.41652e+00	162.09	0.0000
2.43672e+00	162.06	0.0000
2.45688e+00	162.02	0.0000
2.47704e+00	161.99	0.0000
2.49720e+00	161.96	0.0000
2.51736e+00	161.92	0.0000
2.53756e+00	161.89	0.0000
2.55776e+00	161.85	0.0000
2.57792e+00	161.82	0.0000
2.59808e+00	161.79	0.0000
2.61824e+00	161.75	0.0000
2.63844e+00	161.72	0.0000
2.65864e+00	161.68	0.0000
2.67880e+00	161.65	0.0000
2.69896e+00	161.62	0.0000
2.71912e+00	161.58	0.0000
2.73928e+00	161.55	0.0000
2.75948e+00	161.51	0.0000
2.78012e+00	161.48	0.0000
2.80112e+00	161.44	0.0000
2.82256e+00	161.41	0.0000
2.84444e+00	161.38	0.0000
2.86672e+00	161.34	0.0000
2.88944e+00	161.30	0.0000
2.91256e+00	161.27	0.0000
2.93608e+00	161.23	0.0000
2.96004e+00	161.20	0.0000
2.98440e+00	161.16	0.0000
3.00920e+00	161.12	0.0000
3.03440e+00	161.09	0.0000
3.06004e+00	161.05	0.0000
3.08604e+00	161.01	0.0000
3.11248e+00	160.98	0.0000
3.13936e+00	160.94	0.0000
3.16664e+00	160.90	0.0000
3.19436e+00	160.86	0.0000
3.22244e+00	160.82	0.0000
3.25096e+00	160.79	0.0000
3.27988e+00	160.75	0.0000
3.30924e+00	160.71	0.0000
3.33904e+00	160.67	0.0000
3.36924e+00	160.63	0.0000
3.39984e+00	160.59	0.0000
3.43040e+00	160.55	0.0000
3.46100e+00	160.51	0.0000
3.49156e+00	160.47	0.0000
3.52212e+00	160.43	0.0000
3.55272e+00	160.39	0.0000
3.58328e+00	160.35	0.0000
3.61388e+00	160.31	0.0000
3.64460e+00	160.27	0.0000
3.67572e+00	160.23	0.0000
3.70728e+00	160.19	0.0000
3.73928e+00	160.15	0.0000
3.77172e+00	160.11	0.0000
3.80456e+00	160.06	0.0000
3.83784e+00	160.02	0.0000
3.87152e+00	159.98	0.0000
3.90560e+00	159.93	0.0000
3.94012e+00	159.89	0.0000
3.97504e+00	159.84	0.0000
4.01040e+00	159.80	0.0000
4.04616e+00	159.75	0.0000
4.08240e+00	159.70	0.0000
4.11904e+00	159.66	0.0000
4.15608e+00	159.61	0.0000
4.19356e+00	159.56	0.0000
4.23144e+00	159.51	0.0000
4.26976e+00	159.46	0.0000
4.30848e+00	159.41	0.0000
4.34764e+00	159.36	0.0000
4.38720e+00	159.31	0.0000
4.42716e+00	159.26	0.0000
4.46756e+00	159.21	0.0000
4.50840e+00	159.15	0.0000
4.54996e+00	159.10	0.0000
4.59196e+00	159.04	0.0000
4.63436e+00	158.99	0.0000
4.67716e+00	158.93	0.0000
4.72040e+00	158.87	0.0000
4.76408e+00	158.81	0.0000
4.80820e+00	158.75	0.0000
4.85272e+00	158.69	0.0000
4.89768e+00	158.62	0.0000
4.94308e+00	158.56	0.0000
4.98892e+00	158.50	0.0000
5.03516e+00	158.43	0.0000
5.08184e+00	158.36	0.0000
5.12892e+00	158.30	0.0000
5.17644e+00	158.23	0.0000
5.22440e+00	158.16	0.0000
5.27276e+00	158.09	0.0000
5.32156e+00	158.01	0.0000
5.37080e+00	157.94	0.0000
5.42080e+00	157.86	0.0000
5.47168e+00	157.78	0.0000
5.52340e+00	157.69	0.0000
5.57600e+00	157.60	0.0000
5.62948e+00	157.51	0.0000
5.68380e+00	157.41	0.0000
5.73852e+00	157.30	0.0000
5.79368e+00	157.19	0.0000
5.84932e+00	157.08	0.0000
5.90540e+00	156.97	0.0000
5.96188e+00	156.85	0.0000
6.01880e+00	156.73	0.0000
6.07616e+00	156.60	0.0000
6.13400e+00	156.47	0.0000
6.19224e+00	156.34	0.0000
6.25092e+00	156.20	0.0000
6.31040e+00	156.06	0.0000
6.37084e+00	155.91	0.0000
6.43216e+00	155.76	0.0000
6.49440e+00	155.60	0.0000
6.55752e+00	155.43	0.0000
6.62156e+00	155.26	0.0000
6.68652e+00	155.08	0.0000
6.75240e+00	154.90	0.0000
6.81916e+00	154.71	0.0000
6.88652e+00	154.51	0.0000
6.95432e+00	154.32	0.0000
7.02264e+00	154.12	0.0000
7.09140e+00	153.92	0.0000
7.16084e+00	153.71	0.0000
7.23120e+00	153.51	0.0000
7.30256e+00	153.29	0.0000
7.37488e+00	153.08	0.0000
7.44816e+00	152.86	0.0000
7.52240e+00	152.63	0.0000
7.59764e+00	152.41	0.0000
7.67384e+00	152.18	0.0000
7.75100e+00	151.94	0.0000
7.82912e+00	151.70	0.0000
7.90820e+00	151.46	0.0000
7.98824e+00	151.21	0.0000
8.06932e+00	150.96	0.0000
8.15140e+00	150.71	0.0000
8.23452e+00	150.46	0.0000
8.31864e+00	150.21	0.0000
8.40380e+00	149.96	0.0000
8.48992e+00	149.71	0.0000
8.57708e+00	149.45	0.0000
8.66524e+00	149.20	0.0000
8.75444e+00	148.94	0.0000
8.84464e+00	148.69	0.0000
8.93648e+00	148.43	0.0000
9.02972e+00	148.17	0.0000
9.12440e+00	147.90	0.0000
9.22028e+00	147.64	0.0000
9.31752e+00	147.37	0.0000
9.41568e+00	147.11	0.0000
9.51476e+00	146.84	0.0000
9.61476e+00	146.57	0.0000
9.71608e+00	146.30	0.0000
9.81872e+00	146.03	0.0000
9.92308e+00	145.76	0.0000
1.00292e+01	145.49	0.0000
1.01366e+01	145.21	0.0000
1.02457e+01	144.93	0.0000
1.03566e+01	144.65	0.0000
1.04684e+01	144.37	0.0000
1.05813e+01	144.08	0.0000
1.06959e+01	143.80	0.0000
1.08120e+01	143.52	0.0000
1.09298e+01	143.24	0.0000
1.10492e+01	142.97	0.0000
1.11702e+01	142.70	0.0000
1.12928e+01	142.43	0.0000
1.14170e+01	142.17	0.0000
1.15432e+01	141.90	0.0000
1.16712e+01	141.64	0.0000
1.18008e+01	141.38	0.0000
1.19320e+01	141.13	0.0000
1.20652e+01	140.88	0.0000
1.21996e+01	140.64	0.0000
1.23360e+01	140.39	0.0000
1.24748e+01	140.15	0.0000
1.26156e+01	139.91	0.0000
1.27584e+01	139.68	0.0000
1.29032e+01	139.45	0.0000
1.30492e+01	139.22	0.0000
1.31968e+01	139.00	0.0000
1.33468e+01	138.79	0.0000
1.34988e+01	138.58	0.0000
1.36532e+01	138.37	0.0000
1.38100e+01	138.18	0.0000
1.39688e+01	137.98	0.0000
1.41296e+01	137.79	0.0000
1.42924e+01	137.60	0.0000
1.44572e+01	137.41	0.0000
1.46244e+01	137.22	0.0000
1.47936e+01	137.03	0.0000
1.49656e+01	136.84	0.0000
1.51400e+01	136.65	0.0000
1.53168e+01	136.46	0.0000
1.54956e+01	136.26	0.0000
1.56764e+01	136.07	0.0000
1.58600e+01	135.88	0.0000
1.60460e+01	135.69	0.0000
1.62348e+01	135.50	0.0000
1.64264e+01	135.31	0.0000
1.66200e+01	135.12	0.0000
1.68168e+01	134.93	0.0000
1.70160e+01	134.74	0.0000
1.72176e+01	134.56	0.0000
1.74224e+01	134.38	0.0000
1.76304e+01	134.21	0.0000
1.78412e+01	134.03	0.0000
1.80544e+01	133.85	0.0000
1.82700e+01	133.67	0.0000
1.84888e+01	133.50	0.0000
1.87112e+01	133.32	0.0000
1.89364e+01	133.14	0.0000
1.91644e+01	132.97	0.0000
1.93960e+01	132.79	0.0000
1.96304e+01	132.62	0.0000
1.98684e+01	132.44	0.0000
2.01092e+01	132.27	0.0000
2.03536e+01	132.09	0.0000
2.06012e+01	131.92	0.0000
2.08520e+01	131.74	0.0000
2.11068e+01	131.57	0.0000
2.13652e+01	131.40	0.0000
2.16268e+01	131.22	0.0000
2.18924e+01	131.05	0.0000
2.21612e+01	130.88	0.0000
2.24340e+01	130.72	0.0000
2.27104e+01	130.55	0.0000
2.29908e+01	130.38	0.0000
2.32752e+01	130.22	0.0000
2.35636e+01	130.05	0.0000
2.38556e+01	129.88	0.0000
2.41516e+01	129.71	0.0000
2.44520e+01	129.54	0.0000
2.47568e+01	129.37	0.0000
2.50656e+01	129.21	0.0000
2.53788e+01	129.04	0.0000
2.56964e+01	128.87	0.0000
2.60188e+01	128.70	0.0000
2.63452e+01	128.53	0.0000
2.66764e+01	128.36	0.0000
2.70124e+01	128.19	0.0000
2.73532e+01	128.02	0.0000
2.76988e+01	127.85	0.0000
2.80492e+01	127.68	0.0000
2.84048e+01	127.51	0.0000
2.87656e+01	127.34	0.0000
2.91312e+01	127.17	0.0000
2.95024e+01	127.00	0.0000
2.98784e+01	126.83	0.0000
3.02600e+01	126.66	0.0000
3.06472e+01	126.49	0.0000
3.10396e+01	126.31	0.0000
3.14380e+01	126.14	0.0000
3.18420e+01	125.96	0.0000
3.22520e+01	125.78	0.0000
3.26680e+01	125.59	0.0000
3.30900e+01	125.41	0.0000
3.35184e+01	125.22	0.0000
3.39532e+01	125.03	0.0000
3.43944e+01	124.84	0.0000
3.48416e+01	124.65	0.0000
3.52956e+01	124.46	0.0000
3.57564e+01	124.27	0.0000
3.62240e+01	124.08	0.0000
3.66988e+01	123.89	0.0000
3.71804e+01	123.70	0.0000
3.76692e+01	123.50	0.0000
3.81652e+01	123.31	0.0000
3.86688e+01	123.11	0.0000
3.91800e+01	122.91	0.0000
3.96988e+01	122.72	0.0000
4.02252e+01	122.52	0.0000
4.07596e+01	122.32	0.0000
4.13024e+01	122.11	0.0000
4.18532e+01	121.91	0.0000
4.24124e+01	121.70	0.0000
4.29804e+01	121.50	0.0000
4.35568e+01	121.30	0.0000
4.41424e+01	121.09	0.0000
4.47368e+01	120.89	0.0000
4.53404e+01	120.69	0.0000
4.59532e+01	120.50	0.0000
4.65752e+01	120.30	0.0000
4.72068e+01	120.11	0.0000
4.78480e+01	119.91	0.0000
4.84992e+01	119.72	0.0000
4.91604e+01	119.53	0.0000
4.98316e+01	119.33	0.0000
5.05136e+01	119.14	0.0000
5.12060e+01	118.94	0.0000
5.19092e+01	118.75	0.0000
5.26232e+01	118.56	0.0000
5.33484e+01	118.36	0.0000
5.40848e+01	118.17	0.0000
5.48328e+01	117.98	0.0000
5.55924e+01	117.79	0.0000
5.63640e+01	117.60	0.0000
5.71476e+01	117.41	0.0000
5.79432e+01	117.23	0.0000
5.87516e+01	117.04	0.0000
5.95728e+01	116.86	0.0000
6.04068e+01	116.68	0.0000
6.12540e+01	116.50	0.0000
6.21144e+01	116.31	0.0000
6.29884e+01	116.12	0.0000
6.38764e+01	115.94	0.0000
6.47784e+01	115.75	0.0000
6.56952e+01	115.55	0.0000
6.66264e+01	115.36	0.0000
6.75724e+01	115.17	0.0000
6.85336e+01	114.98	0.0000
6.95104e+01	114.80	0.0000
7.05028e+01	114.62	0.0000
7.15108e+01	114.44	0.0000
7.25348e+01	114.27	0.0000
7.35752e+01	114.11	0.0000
7.46324e+01	113.95	0.0000
7.57064e+01	113.79	0.0000
7.67972e+01	113.64	0.0000
7.79052e+01	113.49	0.0000
7.90308e+01	113.34	0.0000
8.01744e+01	113.20	0.0000
8.13360e+01	113.06	0.0000
8.25160e+01	112.93	0.0000
8.37144e+01	112.80	0.0000
8.49308e+01	112.67	0.0000
8.61672e+01	112.55	0.0000
8.74228e+01	112.44	0.0000
8.86972e+01	112.33	0.0000
8.99936e+01	112.22	0.0000
9.13072e+01	112.12	0.0000
9.26416e+01	112.03	0.0000
9.39996e+01	111.94	0.0000
9.53768e+01	111.86	0.0000
9.67768e+01	111.78	0.0000
9.81984e+01	111.69	0.0000
9.96408e+01	111.62	0.0000
1.01108e+02	111.53	0.0000
1.02594e+02	111.45	0.0000
1.04107e+02	111.37	0.0000
1.05642e+02	111.29	0.0000
1.07203e+02	111.22	0.0000
1.08784e+02	111.15	0.0000
1.10392e+02	111.09	0.0000
1.12024e+02	111.03	0.0000
1.13682e+02	110.98	0.0000
1.15364e+02	110.94	0.0000
1.17072e+02	110.90	0.0000
1.18806e+02	110.87	0.0000
1.20568e+02	110.84	0.0000
1.22356e+02	110.83	0.0000
1.24168e+02	110.81	0.0000
1.26008e+02	110.81	0.0000
1.27876e+02	110.81	0.0000
1.29772e+02	110.81	0.0000
1.31696e+02	110.82	0.0000
1.33648e+02	110.84	0.0000
1.35628e+02	110.87	0.0000
1.37636e+02	110.90	0.0000
1.39672e+02	110.94	0.0000
1.41740e+02	110.99	0.0000
1.43836e+02	111.05	0.0000
1.45960e+02	111.11	0.0000
1.48120e+02	111.19	0.0000
1.50304e+02	111.27	0.0000
1.52520e+02	111.36	0.0000
1.54768e+02	111.45	0.0000
1.57048e+02	111.54	0.0000
1.59360e+02	111.64	0.0000
1.61704e+02	111.74	0.0000
1.64080e+02	111.84	0.0000
1.66488e+02	111.95	0.0000
1.68932e+02	112.06	0.0000
1.71408e+02	112.17	0.0000
1.73916e+02	112.29	0.0000
1.76460e+02	112.41	0.0000
1.79040e+02	112.53	0.0000
1.81652e+02	112.66	0.0000
1.84300e+02	112.79	0.0000
1.86980e+02	112.93	0.0000
1.89700e+02	113.07	0.0000
1.92456e+02	113.21	0.0000
1.95248e+02	113.36	0.0000
1.98076e+02	113.51	0.0000
2.00944e+02	113.66	0.0000
2.03844e+02	113.82	0.0000
2.06788e+02	113.98	0.0000
2.09768e+02	114.14	0.0000
2.12784e+02	114.31	0.0000
2.15844e+02	114.48	0.0000
2.18940e+02	114.65	0.0000
2.22076e+02	114.83	0.0000
2.25252e+02	115.01	0.0000
2.28468e+02	115.20	0.0000
2.31724e+02	115.39	0.0000
2.35020e+02	115.58	0.0000
2.38360e+02	115.78	0.0000
2.41740e+02	115.98	0.0000
2.45160e+02	116.18	0.0000
2.48624e+02	116.39	0.0000
2.52128e+02	116.60	0.0000
2.55676e+02	116.81	0.0000
2.59272e+02	117.03	0.0000
2.62908e+02	117.24	0.0000
2.66592e+02	117.47	0.0000
2.70320e+02	117.69	0.0000
2.74092e+02	117.92	0.0000
2.77908e+02	118.16	0.0000
2.81772e+02	118.41	0.0000
2.85676e+02	118.66	0.0000
2.89628e+02	118.91	0.0000
2.93624e+02	119.17	0.0000
2.97668e+02	119.44	0.0000
3.01760e+02	119.72	0.0000
3.05896e+02	120.00	0.0000
3.10080e+02	120.28	0.0000
3.14308e+02	120.58	0.0000
3.18588e+02	120.87	0.0000
3.22912e+02	121.18	0.0000
3.27288e+02	121.49	0.0000
3.31712e+02	121.80	0.0000
3.36180e+02	122.12	0.0000
3.40696e+02	122.45	0.0000
3.45264e+02	122.79	0.0000
3.49880e+02	123.14	0.0000
3.54544e+02	123.49	0.0000
3.59256e+02	123.86	0.0000
3.64016e+02	124.24	0.0000
3.68828e+02	124.62	0.0000
3.73688e+02	125.02	0.0000
3.78596e+02	125.42	0.0000
3.83556e+02	125.83	0.0000
3.88564e+02	126.24	0.0000
3.93624e+02	126.67	0.0000
3.98736e+02	127.09	0.0000
4.03900e+02	127.53	0.0000
4.09116e+02	127.96	0.0000
4.14384e+02	128.41	0.0000
4.19704e+02	128.86	0.0000
4.25076e+02	129.31	0.0000
4.30500e+02	129.77	0.0000
4.35980e+02	130.24	0.0000
4.41508e+02	130.71	0.0000
4.47092e+02	131.18	0.0000
4.52728e+02	131.66	0.0000
4.58416e+02	132.14	0.0000
4.64160e+02	132.63	0.0000
4.69956e+02	133.12	0.0000
4.75804e+02	133.61	0.0000
4.81704e+02	134.10	0.0000
4.87660e+02	134.59	0.0000
4.93672e+02	135.08	0.0000
4.99736e+02	135.57	0.0000
5.05852e+02	136.07	0.0000
5.12020e+02	136.56	0.0000
5.18244e+02	137.05	0.0000
5.24520e+02	137.54	0.0000
5.30852e+02	138.03	0.0000
5.37236e+02	138.52	0.0000
5.43676e+02	139.01	0.0000
5.50168e+02	139.50	0.0000
5.56712e+02	139.99	0.0000
5.63312e+02	140.48	0.0000
5.69964e+02	140.97	0.0000
5.76668e+02	141.46	0.0000
5.83428e+02	141.95	0.0000
5.90240e+02	142.44	0.0000
5.97112e+02	142.93	0.0000
6.04032e+02	143.42	0.0000
6.11008e+02	143.91	0.0000
6.18040e+02	144.40	0.0000
6.25128e+02	144.89	0.0000
6.32272e+02	145.37	0.0000
6.39472e+02	145.86	0.0000
6.46728e+02	146.35	0.0000
6.54040e+02	146.84	0.0000
6.61408e+02	147.33	0.0000
6.68832e+02	147.81	0.0000
6.76316e+02	148.30	0.0000
6.83860e+02	148.79	0.0000
6.91460e+02	149.28	0.0000
6.99120e+02	149.76	0.0000
7.06836e+02	150.25	0.0000
7.14612e+02	150.74	0.0000
7.22448e+02	151.22	0.0000
7.30348e+02	151.71	0.0000
7.38308e+02	152.19	0.0000
7.46328e+02	152.68	0.0000
7.54412e+02	153.17	0.0000
7.62560e+02	153.65	0.0000
7.70768e+02	154.14	0.0000
7.79040e+02	154.63	0.0000
7.87372e+02	155.11	0.0000
7.95772e+02	155.60	0.0000
8.04232e+02	156.08	0.0000
8.12756e+02	156.57	0.0000
8.21340e+02	157.05	0.0000
8.29992e+02	157.54	0.0000
8.38708e+02	158.03	0.0000
8.47488e+02	158.51	0.0000
8.56336e+02	159.00	0.0000
8.65248e+02	159.48	0.0000
8.74224e+02	159.97	0.0000
8.83264e+02	160.45	0.0000
8.92368e+02	160.94	0.0000
9.01540e+02	161.42	0.0000
9.10776e+02	161.91	0.0000
9.20076e+02	162.39	0.0000
9.29436e+02	162.88	0.0000
9.38892e+02	163.36	0.0000
9.48400e+02	163.85	0.0000
9.57960e+02	164.33	0.0000
9.67608e+02	164.81	0.0000
9.77300e+02	165.30	0.0000
9.87076e+02	165.78	0.0000
9.96896e+02	166.26	0.0000
1.00679e+03	166.75	0.0000
1.01676e+03	167.23	0.0000
1.02681e+03	167.71	0.0000
1.03692e+03	168.19	0.0000
1.04711e+03	168.68	0.0000
1.05736e+03	169.16	0.0000
1.06767e+03	169.64	0.0000
1.07804e+03	170.12	0.0000
1.08852e+03	170.61	0.0000
1.09904e+03	171.09	0.0000
1.10962e+03	171.57	0.0000
1.12028e+03	172.05	0.0000
1.13104e+03	172.53	0.0000
1.14184e+03	173.01	0.0000
1.15272e+03	173.50	0.0000
1.16368e+03	173.98	0.0000
1.17472e+03	174.46	0.0000
1.18584e+03	174.94	0.0000
1.19700e+03	175.42	0.0000
1.20824e+03	175.90	0.0000
1.21956e+03	176.38	0.0000
1.23092e+03	176.86	0.0000
1.24240e+03	177.34	0.0000
1.25392e+03	177.82	0.0000
1.26556e+03	178.30	0.0000
1.27724e+03	178.78	0.0000
1.28900e+03	179.26	0.0000
1.30084e+03	179.74	0.0000
1.31276e+03	180.22	0.0000
1.32472e+03	180.69	0.0000
1.33676e+03	181.17	0.0000
1.34892e+03	181.65	0.0000
1.36116e+03	182.13	0.0000
1.37344e+03	182.61	0.0000
1.38580e+03	183.09	0.0000
1.39828e+03	183.57	0.0000
1.41080e+03	184.04	0.0000
1.42340e+03	184.52	0.0000
1.43608e+03	185.00	0.0000
1.44884e+03	185.48	0.0000
1.46168e+03	185.95	0.0000
1.47460e+03	186.43	0.0000
1.48760e+03	186.91	0.0000
1.50068e+03	187.38	0.0000
1.51384e+03	187.86	0.0000
1.52708e+03	188.34	0.0000
1.54040e+03	188.82	0.0000
1.55380e+03	189.29	0.0000
1.56728e+03	189.77	0.0000
1.58084e+03	190.24	0.0000
1.59452e+03	190.72	0.0000
1.60824e+03	191.20	0.0000
1.62204e+03	191.67	0.0000
1.63592e+03	192.15	0.0000
1.64992e+03	192.62	0.0000
1.66400e+03	193.10	0.0000
1.67812e+03	193.57	0.0000
1.69232e+03	194.05	0.0000
1.70664e+03	194.52	0.0000
1.72104e+03	195.00	0.0000
1.73552e+03	195.47	0.0000
1.75008e+03	195.95	0.0000
1.76472e+03	196.42	0.0000
1.77948e+03	196.90	0.0000
1.79432e+03	197.37	0.0000
1.80924e+03	197.85	0.0000
1.82424e+03	198.32	0.0000
1.83932e+03	198.80	0.0000
1.85448e+03	199.27	0.0000
1.86976e+03	199.74	0.0000
1.88512e+03	200.22	0.0000
1.90056e+03	200.69	0.0000
1.91608e+03	201.16	0.0000
1.93172e+03	201.64	0.0000
1.94744e+03	202.11	0.0000
1.96320e+03	202.58	0.0000
1.97908e+03	203.06	0.0000
1.99504e+03	203.53	0.0000
2.01112e+03	204.00	0.0000
2.02728e+03	204.47	0.0000
2.04352e+03	204.95	0.0000
2.05988e+03	205.42	0.0000
2.07632e+03	205.89	0.0000
2.09284e+03	206.36	0.0000
2.10948e+03	206.84	0.0000
2.12616e+03	207.31	0.0000
2.14296e+03	207.78	0.0000
2.15984e+03	208.25	0.0000
2.17680e+03	208.72	0.0000
2.19388e+03	209.19	0.0000
2.21104e+03	209.66	0.0000
2.22828e+03	210.13	0.0000
2.24564e+03	210.61	0.0000
2.26308e+03	211.08	0.0000
2.28060e+03	211.55	0.0000
2.29824e+03	212.02	0.0000
2.31600e+03	212.49	0.0000
2.33384e+03	212.96	0.0000
2.35176e+03	213.43	0.0000
2.36976e+03	213.90	0.0000
2.38788e+03	214.37	0.0000
2.40612e+03	214.84	0.0000
2.42444e+03	215.31	0.0000
2.44284e+03	215.78	0.0000
2.46136e+03	216.25	0.0000
2.47996e+03	216.72	0.0000
2.49864e+03	217.18	0.0000
2.51744e+03	217.65	0.0000
2.53636e+03	218.12	0.0000
2.55536e+03	218.59	0.0000
2.57448e+03	219.06	0.0000
2.59372e+03	219.53	0.0000
2.61304e+03	220.00	0.0000
2.63248e+03	220.47	0.0000
2.65200e+03	220.94	0.0000
2.67164e+03	221.40	0.0000
2.69140e+03	221.87	0.0000
2.71124e+03	222.34	0.0000
2.73120e+03	222.81	0.0000
2.75128e+03	223.28	0.0000
2.77144e+03	223.75	0.0000
2.79172e+03	224.22	0.0000
2.81208e+03	224.69	0.0000
2.83256e+03	225.15	0.0000
2.85316e+03	225.62	0.0000
2.87388e+03	226.09	0.0000
2.89468e+03	226.56	0.0000
2.91564e+03	227.03	0.0000
2.93668e+03	227.50	0.0000
2.95780e+03	227.96	0.0000
2.97908e+03	228.43	0.0000
3.00048e+03	228.90	0.0000
3.02196e+03	229.37	0.0000
3.04352e+03	229.84	0.0000
3.06520e+03	230.30	0.0000
3.08700e+03	230.77	0.0000
3.10892e+03	231.24	0.0000
3.13096e+03	231.71	0.0000
3.15308e+03	232.18	0.0000
3.17532e+03	232.64	0.0000
3.19768e+03	233.11	0.0000
3.22016e+03	233.58	0.0000
3.24276e+03	234.04	0.0000
3.26548e+03	234.51	0.0000
3.28828e+03	234.98	0.0000
3.31120e+03	235.45	0.0000
3.33420e+03	235.91	0.0000
3.35736e+03	236.38	0.0000
3.38064e+03	236.85	0.0000
3.40400e+03	237.31	0.0000
3.42748e+03	237.78	0.0000
3.45108e+03	238.24	0.0000
3.47476e+03	238.71	0.0000
3.49860e+03	239.18	0.0000
3.52256e+03	239.64	0.0000
3.54660e+03	240.11	0.0000
3.57076e+03	240.57	0.0000
3.59508e+03	241.04	0.0000
3.61948e+03	241.50	0.0000
3.64400e+03	241.97	0.0000
3.66864e+03	242.43	0.0000
3.69340e+03	242.90	0.0000
3.71828e+03	243.36	0.0000
3.74328e+03	243.83	0.0000
3.76840e+03	244.29	0.0000
3.79364e+03	244.76	0.0000
3.81896e+03	245.22	0.0000
3.84440e+03	245.69	0.0000
3.86996e+03	246.15	0.0000
3.89564e+03	246.61	0.0000
3.92148e+03	247.08	0.0000
3.94744e+03	247.54	0.0000
3.97352e+03	248.01	0.0000
3.99968e+03	248.47	0.0000
4.02600e+03	248.93	0.0000
4.05244e+03	249.40	0.0000
4.07900e+03	249.86	0.0000
4.10568e+03	250.32	0.0000
4.13248e+03	250.78	0.0000
4.15940e+03	251.25	0.0000
4.18648e+03	251.71	0.0000
4.21364e+03	252.17	0.0000
4.24092e+03	252.64	0.0000
4.26836e+03	253.10	0.0000
4.29592e+03	253.56	0.0000
4.32360e+03	254.02	0.0000
4.35136e+03	254.49	0.0000
4.37928e+03	254.95	0.0000
4.40732e+03	255.41	0.0000
4.43548e+03	255.87	0.0000
4.46376e+03	256.33	0.0000
4.49220e+03	256.79	0.0000
4.52076e+03	257.25	0.0000
4.54944e+03	257.72	0.0000
4.57828e+03	258.18	0.0000
4.60720e+03	258.64	0.0000
4.63628e+03	259.10	0.0000
4.66544e+03	259.56	0.0000
4.69476e+03	260.02	0.0000
4.72420e+03	260.48	0.0000
4.75376e+03	260.94	0.0000
4.78348e+03	261.40	0.0000
4.81332e+03	261.86	0.0000
4.84324e+03	262.32	0.0000
4.87332e+03	262.78	0.0000
4.90352e+03	263.24	0.0000
4.93388e+03	263.70	0.0000
4.96436e+03	264.16	0.0000
4.99496e+03	264.62	0.0000
5.02568e+03	265.08	0.0000
5.05656e+03	265.54	0.0000
5.08756e+03	265.99	0.0000
5.11868e+03	266.45	0.0000
5.14996e+03	266.91	0.0000
5.18136e+03	267.37	0.0000
5.21288e+03	267.83	0.0000
5.24452e+03	268.29	0.0000
5.27632e+03	268.74	0.0000
5.30824e+03	269.20	0.0000
5.34028e+03	269.66	0.0000
5.37248e+03	270.11	0.0000
5.40480e+03	270.57	0.0000
5.43728e+03	271.03	0.0000
5.46988e+03	271.49	0.0000
5.50264e+03	271.94	0.0000
5.53552e+03	272.40	0.0000
5.56852e+03	272.86	0.0000
5.60168e+03	273.31	0.0000
5.63500e+03	273.77	0.0000
5.66844e+03	274.23	0.0000
5.70200e+03	274.68	0.0000
5.73572e+03	275.14	0.0000
5.76956e+03	275.59	0.0000
5.80356e+03	276.05	0.0000
5.83772e+03	276.50	0.0000
5.87200e+03	276.96	0.0000
5.90644e+03	277.41	0.0000
5.94100e+03	277.87	0.0000
5.97572e+03	278.32	0.0000
6.01056e+03	278.78	0.0000
6.04556e+03	279.23	0.0000
6.08072e+03	279.69	0.0000
6.11600e+03	280.14	0.0000
6.15144e+03	280.60	0.0000
6.18700e+03	281.05	0.0000
6.22272e+03	281.51	0.0000
6.25856e+03	281.96	0.0000
6.29456e+03	282.42	0.0000
6.33072e+03	282.87	0.0000
6.36700e+03	283.32	0.0000
6.40344e+03	283.78	0.0000
6.44000e+03	284.23	0.0000
6.47672e+03	284.68	0.0000
6.51356e+03	285.14	0.0000
6.55056e+03	285.59	0.0000
6.58772e+03	286.04	0.0000
6.62500e+03	286.50	0.0000
6.66244e+03	286.95	0.0000
6.70000e+03	287.40	0.0000
6.73772e+03	287.85	0.0000
6.77556e+03	288.30	0.0000
6.81356e+03	288.76	0.0000
6.85172e+03	289.21	0.0000
6.89000e+03	289.66	0.0000
6.92844e+03	290.11	0.0000
6.96704e+03	290.56	0.0000
7.00576e+03	291.01	0.0000
7.04464e+03	291.46	0.0000
7.08368e+03	291.91	0.0000
7.12288e+03	292.36	0.0000
7.16220e+03	292.81	0.0000
7.20168e+03	293.26	0.0000
7.24132e+03	293.71	0.0000
7.28108e+03	294.16	0.0000
7.32100e+03	294.61	0.0000
7.36108e+03	295.06	0.0000
7.40132e+03	295.51	0.0000
7.44168e+03	295.96	0.0000
7.48224e+03	296.41	0.0000
7.52292e+03	296.86	0.0000
7.56376e+03	297.30	0.0000
7.60476e+03	297.75	0.0000
7.64592e+03	298.20	0.0000
7.68724e+03	298.65	0.0000
7.72868e+03	299.10	0.0000
7.77032e+03	299.55	0.0000
7.81208e+03	299.99	0.0000
7.85400e+03	300.44	0.0000
7.89608e+03	300.89	0.0000
7.93832e+03	301.34	0.0000
7.98068e+03	301.78	0.0000
8.02324e+03	302.23	0.0000
8.06592e+03	302.68	0.0000
8.10876e+03	303.12	0.0000
8.15176e+03	303.57	0.0000
8.19492e+03	304.02	0.0000
8.23824e+03	304.46	0.0000
8.28172e+03	304.91	0.0000
8.32536e+03	305.35	0.0000
8.36916e+03	305.80	0.0000
8.41312e+03	306.25	0.0000
8.45724e+03	306.69	0.0000
8.50152e+03	307.14	0.0000
8.54592e+03	307.58	0.0000
8.59052e+03	308.02	0.0000
8.63528e+03	308.47	0.0000
8.68016e+03	308.91	0.0000
8.72520e+03	309.36	0.0000
8.77044e+03	309.80	0.0000
8.81584e+03	310.25	0.0000
8.86140e+03	310.69	0.0000
8.90712e+03	311.13	0.0000
8.95300e+03	311.58	0.0000
8.99904e+03	312.02	0.0000
9.04524e+03	312.46	0.0000
9.09164e+03	312.91	0.0000
9.13816e+03	313.35	0.0000
9.18488e+03	313.79	0.0000
9.23176e+03	314.24	0.0000
9.27880e+03	314.68	0.0000
9.32600e+03	315.12	0.0000
9.37336e+03	315.56	0.0000
9.41700e+03	316.01	0.0000
9.46400e+03	316.45	0.0000
9.51200e+03	316.89	0.0000
9.56000e+03	317.33	0.0000
9.60800e+03	317.77	0.0000
9.65700e+03	318.22	0.0000
9.70500e+03	318.66	0.0000
9.75400e+03	319.10	0.0000
9.80300e+03	319.55	0.0000
9.85200e+03	319.99	0.0000
9.90100e+03	320.43	0.0000
9.95000e+03	320.86	0.0000
