New cassini profile
Reanalysis from cassini maps
Northern spots paper
RMJ April 2024


1801
 -90.0		  -0.05524365
 -89.9		  -0.02518262
 -89.8		   0.00835705
 -89.7		   0.04035434
 -89.6		   0.06604150
 -89.5		   0.08158618
 -89.4		   0.08463966
 -89.3		   0.07466729
 -89.2		   0.05211082
 -89.1		   0.02187758
 -89.0		  -0.01147668
 -88.9		  -0.04296641
 -88.8		  -0.06789140
 -88.7		  -0.08250964
 -88.6		  -0.08456483
 -88.5		  -0.07237490
 -88.4		  -0.04930929
 -88.3		  -0.01887554
 -88.2		   0.01436570
 -88.1		   0.04545612
 -88.0		   0.06974944
 -87.9		   0.08357682
 -87.8		   0.08334108
 -87.7		   0.07044208
 -87.6		   0.04688901
 -87.5		   0.01622348
 -87.4		  -0.01698686
 -87.3		  -0.04780162
 -87.2		  -0.07161311
 -87.1		  -0.08343680
 -87.0		  -0.08244932
 -86.9		  -0.06892188
 -86.8		  -0.04490711
 -86.7		  -0.01397478
 -86.6		   0.01929817
 -86.5		   0.04997887
 -86.4		   0.07237755
 -86.3		   0.08353261
 -86.2		   0.08193821
 -86.1		   0.06787549
 -86.0		   0.04342935
 -85.9		   0.01219077
 -85.8		  -0.02125169
 -85.7		  -0.05126694
 -85.6		  -0.07319005
 -85.5		  -0.08390313
 -85.4		  -0.08186422
 -85.3		  -0.06737403
 -85.2		  -0.04253224
 -85.1		  -0.01094271
 -85.0		   0.02255082
 -84.9		   0.05235979
 -84.8		   0.07409547
 -84.7		   0.08458913
 -84.6		   0.08229360
 -84.5		   0.06750124
 -84.4		   0.04230601
 -84.3		   0.01018247
 -84.2		  -0.02341259
 -84.1		  -0.05329696
 -84.0		  -0.07510626
 -83.9		  -0.08563861
 -83.8		  -0.08330513
 -83.7		  -0.06835719
 -83.6		  -0.04255019
 -83.5		  -0.01002099
 -83.4		   0.02382495
 -83.3		   0.05404964
 -83.2		   0.07623637
 -83.1		   0.08710898
 -83.0		   0.08499420
 -82.9		   0.06985067
 -82.8		   0.04338884
 -82.7		   0.01061287
 -82.6		  -0.02370623
 -82.5		  -0.05458062
 -82.4		  -0.07750156
 -82.3		  -0.08907040
 -82.2		  -0.08747884
 -82.1		  -0.07170328
 -82.0		  -0.04524710
 -81.9		  -0.01210041
 -81.8		   0.02295152
 -81.7		   0.05484080
 -81.6		   0.07892012
 -81.5		   0.09161089
 -81.4		   0.09013912
 -81.3		   0.07474439
 -81.2		   0.04832840
 -81.1		   0.01466917
 -81.0		  -0.02142269
 -80.9		  -0.05476426
 -80.8		  -0.08051413
 -80.7		  -0.09469041
 -80.6		  -0.09383903
 -80.5		  -0.07922680
 -80.4		  -0.05290388
 -80.3		  -0.01856830
 -80.2		   0.01893287
 -80.1		   0.05426051
 -80.0		   0.08231206
 -79.9		   0.09804253
 -79.8		   0.09900019
 -79.7		   0.08549697
 -79.6		   0.05934774
 -79.5		   0.02414367
 -79.4		  -0.01522116
 -79.3		  -0.05320259
 -79.2		  -0.08435394
 -79.1		  -0.10256885
 -79.0		  -0.10600704
 -78.9		  -0.09405010
 -78.8		  -0.06819785
 -78.7		  -0.03189468
 -78.6		   0.00990994
 -78.5		   0.05140763
 -78.4		   0.08634426
 -78.3		   0.10860667
 -78.2		   0.11543453
 -78.1		   0.10563043
 -78.0		   0.08026592
 -77.9		   0.04257707
 -77.8		  -0.00242807
 -77.7		  -0.04860410
 -77.6		  -0.08889410
 -77.5		  -0.11669399
 -77.4		  -0.12819917
 -77.3		  -0.12142736
 -77.2		  -0.09685270
 -77.1		  -0.05740320
 -77.0		  -0.00813627
 -76.9		   0.04437408
 -76.8		   0.09223394
 -76.7		   0.12776593
 -76.6		   0.14588304
 -76.5		   0.14349512
 -76.4		   0.12020811
 -76.3		   0.07846861
 -76.2		   0.02334375
 -76.1		  -0.03804775
 -76.0		  -0.09686131
 -75.9		  -0.14363568
 -75.8		  -0.17151631
 -75.7		  -0.17576435
 -75.6		  -0.15464054
 -75.5		  -0.10977543
 -75.4		  -0.04612350
 -75.3		   0.02851193
 -75.2		   0.10406788
 -75.1		   0.16837853
 -75.0		   0.21179999
 -74.9		   0.22691694
 -74.8		   0.20967415
 -74.7		   0.16012623
 -74.6		   0.08271905
 -74.5		  -0.01395901
 -74.4		  -0.11795863
 -74.3		  -0.21338343
 -74.2		  -0.28514544
 -74.1		  -0.32083959
 -74.0		  -0.31158647
 -73.9		  -0.25357603
 -73.8		  -0.14907678
 -73.7		  -0.00684897
 -73.6		   0.15811719
 -73.5		   0.32482549
 -73.4		   0.46564361
 -73.3		   0.55504987
 -73.2		   0.56889893
 -73.1		   0.48684109
 -73.0		   0.29444906
 -72.9		  -0.01513128
 -72.8		  -0.44018219
 -72.7		  -0.97018100
 -72.6		  -1.58945314
 -72.5		  -2.26759962
 -72.4		  -2.97005605
 -72.3		  -3.66389152
 -72.2		  -4.31710704
 -72.1		  -4.90117220
 -72.0		  -5.39320153
 -71.9		  -5.77756946
 -71.8		  -6.04682184
 -71.7		  -6.19653446
 -71.6		  -6.23830752
 -71.5		  -6.19267231
 -71.4		  -6.07959110
 -71.3		  -5.92080025
 -71.2		  -5.73761582
 -71.1		  -5.54894641
 -71.0		  -5.36970030
 -70.9		  -5.20972305
 -70.8		  -5.07390911
 -70.7		  -4.96141090
 -70.6		  -4.86417025
 -70.5		  -4.77245452
 -70.4		  -4.67479614
 -70.3		  -4.55946367
 -70.2		  -4.41580411
 -70.1		  -4.23532087
 -70.0		  -4.01239547
 -69.9		  -3.74461150
 -69.8		  -3.43018813
 -69.7		  -3.07491614
 -69.6		  -2.68572646
 -69.5		  -2.26967467
 -69.4		  -1.83424159
 -69.3		  -1.38671566
 -69.2		  -0.93374899
 -69.1		  -0.48110618
 -69.0		  -0.03358601
 -68.9		   0.40493640
 -68.8		   0.83045370
 -68.7		   1.24126446
 -68.6		   1.63634573
 -68.5		   2.01561994
 -68.4		   2.38054929
 -68.3		   2.73465127
 -68.2		   3.08403463
 -68.1		   3.43784022
 -68.0		   3.80845845
 -67.9		   4.21140112
 -67.8		   4.66764695
 -67.7		   5.19873770
 -67.6		   5.82179718
 -67.5		   6.55344575
 -67.4		   7.40557583
 -67.3		   8.38318646
 -67.2		   9.48249892
 -67.1		  10.68960104
 -67.0		  11.97983891
 -66.9		  13.31811672
 -66.8		  14.66018360
 -66.7		  15.94889359
 -66.6		  17.12649995
 -66.5		  18.13970374
 -66.4		  18.93916511
 -66.3		  19.48433950
 -66.2		  19.74680425
 -66.1		  19.71271535
 -66.0		  19.38413502
 -65.9		  18.77907362
 -65.8		  17.93021343
 -65.7		  16.88241140
 -65.6		  15.68637633
 -65.5		  14.40531488
 -65.4		  13.10218911
 -65.3		  11.82914476
 -65.2		  10.62961283
 -65.1		   9.53576140
 -65.0		   8.56713318
 -64.9		   7.73055214
 -64.8		   7.02124795
 -64.7		   6.42502078
 -64.6		   5.92116421
 -64.5		   5.48579298
 -64.4		   5.09599955
 -64.3		   4.72982179
 -64.2		   4.37197231
 -64.1		   4.01575029
 -64.0		   3.66172374
 -63.9		   3.31697425
 -63.8		   2.99356211
 -63.7		   2.70646216
 -63.6		   2.47127365
 -63.5		   2.30202042
 -63.4		   2.20933005
 -63.3		   2.19921717
 -63.2		   2.27260475
 -63.1		   2.42901520
 -63.0		   2.65753905
 -62.9		   2.94655046
 -62.8		   3.28562461
 -62.7		   3.66574595
 -62.6		   4.08058429
 -62.5		   4.52719065
 -62.4		   5.00598531
 -62.3		   5.52001293
 -62.2		   6.07354861
 -62.1		   6.67023781
 -62.0		   7.31103043
 -61.9		   7.99221321
 -61.8		   8.70384920
 -61.7		   9.42828156
 -61.6		  10.13857746
 -61.5		  10.80371006
 -61.4		  11.38900724
 -61.3		  11.85891143
 -61.2		  12.18022169
 -61.1		  12.32541191
 -61.0		  12.27564287
 -60.9		  12.02310457
 -60.8		  11.57238758
 -60.7		  10.94068365
 -60.6		  10.15674309
 -60.5		   9.25865697
 -60.4		   8.29066722
 -60.3		   7.29932305
 -60.2		   6.33203200
 -60.1		   5.42870117
 -60.0		   4.61735338
 -59.9		   3.91470326
 -59.8		   3.32501777
 -59.7		   2.84058716
 -59.6		   2.44344303
 -59.5		   2.10811106
 -59.4		   1.80507188
 -59.3		   1.50452649
 -59.2		   1.18003352
 -59.1		   0.81160653
 -59.0		   0.38792856
 -58.9		  -0.09255098
 -58.8		  -0.62173672
 -58.7		  -1.18318008
 -58.6		  -1.75436096
 -58.5		  -2.30815311
 -58.4		  -2.81832022
 -58.3		  -3.26384802
 -58.2		  -3.62990679
 -58.1		  -3.90976478
 -58.0		  -4.10542288
 -57.9		  -4.22714118
 -57.8		  -4.29193862
 -57.7		  -4.32127171
 -57.6		  -4.33819724
 -57.5		  -4.36438284
 -57.4		  -4.41734367
 -57.3		  -4.50825023
 -57.2		  -4.64057703
 -57.1		  -4.80975324
 -57.0		  -5.00384907
 -56.9		  -5.20520055
 -56.8		  -5.39275733
 -56.7		  -5.54484751
 -56.6		  -5.64200176
 -56.5		  -5.66704962
 -56.4		  -5.61346344
 -56.3		  -5.48232233
 -56.2		  -5.28143890
 -56.1		  -5.02491659
 -56.0		  -4.73113313
 -55.9		  -4.42013691
 -55.8		  -4.11078763
 -55.7		  -3.81800627
 -55.6		  -3.55048781
 -55.5		  -3.30917413
 -55.4		  -3.08669140
 -55.3		  -2.86783749
 -55.2		  -2.63107455
 -55.1		  -2.35085688
 -55.0		  -2.00051888
 -54.9		  -1.55537633
 -54.8		  -0.99566486
 -54.7		  -0.30895615
 -54.6		   0.50824633
 -54.5		   1.44993208
 -54.4		   2.50110486
 -54.3		   3.63934264
 -54.2		   4.83721005
 -54.1		   6.06523042
 -54.0		   7.29483362
 -53.9		   8.50080309
 -53.8		   9.66606033
 -53.7		  10.78160028
 -53.6		  11.84676717
 -53.5		  12.86839800
 -53.4		  13.85891823
 -53.3		  14.83361171
 -53.2		  15.80739179
 -53.1		  16.79146804
 -53.0		  17.79032397
 -52.9		  18.79939391
 -52.8		  19.80375326
 -52.7		  20.77802488
 -52.6		  21.68756749
 -52.5		  22.49086552
 -52.4		  23.14290062
 -52.3		  23.59916902
 -52.2		  23.81992939
 -52.1		  23.77423207
 -52.0		  23.44329686
 -51.9		  22.82287021
 -51.8		  21.92429813
 -51.7		  20.77418481
 -51.6		  19.41265583
 -51.5		  17.89039044
 -51.4		  16.26471520
 -51.3		  14.59514677
 -51.2		  12.93882394
 -51.1		  11.34627456
 -51.0		   9.85792017
 -50.9		   8.50163619
 -50.8		   7.29156888
 -50.7		   6.22827455
 -50.6		   5.30010742
 -50.5		   4.48565570
 -50.4		   3.75692432
 -50.3		   3.08289715
 -50.2		   2.43308925
 -50.1		   1.78071991
 -50.0		   1.10519791
 -49.9		   0.39370232
 -49.8		  -0.35824556
 -49.7		  -1.14720467
 -49.6		  -1.96315513
 -49.5		  -2.79111192
 -49.4		  -3.61373304
 -49.3		  -4.41397683
 -49.2		  -5.17699405
 -49.1		  -5.89173430
 -49.0		  -6.55188509
 -48.9		  -7.15606358
 -48.8		  -7.70727806
 -48.7		  -8.21176638
 -48.6		  -8.67739265
 -48.5		  -9.11183179
 -48.4		  -9.52079049
 -48.3		  -9.90650039
 -48.2		 -10.26667783
 -48.1		 -10.59408084
 -48.0		 -10.87671557
 -47.9		 -11.09866207
 -47.8		 -11.24141287
 -47.7		 -11.28555702
 -47.6		 -11.21260299
 -47.5		 -11.00672220
 -47.4		 -10.65620942
 -47.3		 -10.15449698
 -47.2		  -9.50061806
 -47.1		  -8.69908554
 -47.0		  -7.75922554
 -46.9		  -6.69407081
 -46.8		  -5.51897051
 -46.7		  -4.25010286
 -46.6		  -2.90308246
 -46.5		  -1.49183530
 -46.4		  -0.02787262
 -46.3		   1.47996242
 -46.2		   3.02526799
 -46.1		   4.60343636
 -46.0		   6.21070374
 -45.9		   7.84305764
 -45.8		   9.49518248
 -45.7		  11.15962133
 -45.6		  12.82630393
 -45.5		  14.48254277
 -45.4		  16.11353589
 -45.3		  17.70334461
 -45.2		  19.23624551
 -45.1		  20.69829802
 -45.0		  22.07892819
 -44.9		  23.37231311
 -44.8		  24.57835982
 -44.7		  25.70310857
 -44.6		  26.75844924
 -44.5		  27.76111428
 -44.4		  28.73095419
 -44.3		  29.68904028
 -44.2		  30.65471317
 -44.1		  31.64256369
 -44.0		  32.66025673
 -43.9		  33.70655779
 -43.8		  34.77008864
 -43.7		  35.82898755
 -43.6		  36.85156449
 -43.5		  37.79794402
 -43.4		  38.62258928
 -43.3		  39.27750962
 -43.2		  39.71588128
 -43.1		  39.89576415
 -43.0		  39.78358148
 -42.9		  39.35704680
 -42.8		  38.60727041
 -42.7		  37.53985285
 -42.6		  36.17486602
 -42.5		  34.54572560
 -42.4		  32.69705993
 -42.3		  30.68177111
 -42.2		  28.55755400
 -42.1		  26.38318259
 -42.0		  24.21488539
 -41.9		  22.10311329
 -41.8		  20.08995584
 -41.7		  18.20739129
 -41.6		  16.47646968
 -41.5		  14.90743603
 -41.4		  13.50071101
 -41.3		  12.24856957
 -41.2		  11.13730005
 -41.1		  10.14959357
 -41.0		   9.26690736
 -40.9		   8.47156697
 -40.8		   7.74841622
 -40.7		   7.08588652
 -40.6		   6.47642986
 -40.5		   5.91633503
 -40.4		   5.40501633
 -40.3		   4.94392013
 -40.2		   4.53523261
 -40.1		   4.18058666
 -40.0		   3.87995802
 -39.9		   3.63146370
 -39.8		   3.43008365
 -39.7		   3.26682281
 -39.6		   3.13223463
 -39.5		   3.01646909
 -39.4		   2.91071614
 -39.3		   2.80871538
 -39.2		   2.70814146
 -39.1		   2.61168502
 -39.0		   2.52767992
 -38.9		   2.47017450
 -38.8		   2.45840410
 -38.7		   2.51568531
 -38.6		   2.66781469
 -38.5		   2.94110775
 -38.4		   3.36025325
 -38.3		   3.94617927
 -38.2		   4.71412820
 -38.1		   5.67211942
 -38.0		   6.81994135
 -37.9		   8.14876411
 -37.8		   9.64140481
 -37.7		  11.27321582
 -37.6		  13.01350825
 -37.5		  14.82737437
 -37.4		  16.67773851
 -37.3		  18.52744873
 -37.2		  20.33811582
 -37.1		  22.07823390
 -37.0		  23.72168230
 -36.9		  25.24761026
 -36.8		  26.64055398
 -36.7		  27.88993919
 -36.6		  28.98920386
 -36.5		  29.93467692
 -36.4		  30.72436719
 -36.3		  31.35681783
 -36.2		  31.83016634
 -36.1		  32.14152013
 -36.0		  32.28671727
 -35.9		  32.26049483
 -35.8		  32.05703899
 -35.7		  31.67084645
 -35.6		  31.09779065
 -35.5		  30.33626172
 -35.4		  29.38823904
 -35.3		  28.26016054
 -35.2		  26.96347222
 -35.1		  25.50764030
 -35.0		  23.92407430
 -34.9		  22.23922681
 -34.8		  20.48176122
 -34.7		  18.68138883
 -34.6		  16.86726494
 -34.5		  15.06642630
 -34.4		  13.30241125
 -34.3		  11.59418553
 -34.2		   9.95546557
 -34.1		   8.39449206
 -34.0		   6.91426285
 -33.9		   5.51319057
 -33.8		   4.18611063
 -33.7		   2.92553326
 -33.6		   1.72301268
 -33.5		   0.57049767
 -33.4		  -0.53846681
 -33.3		  -1.60533126
 -33.2		  -2.63271055
 -33.1		  -3.61753568
 -33.0		  -4.55364047
 -32.9		  -5.43259671
 -32.8		  -6.24459663
 -32.7		  -6.97943849
 -32.6		  -7.62749404
 -32.5		  -8.18054348
 -32.4		  -8.63238194
 -32.3		  -8.97912994
 -32.2		  -9.21921583
 -32.1		  -9.35303650
 -32.0		  -9.38234142
 -31.9		  -9.30941832
 -31.8		  -9.13618561
 -31.7		  -8.85713250
 -31.6		  -8.47499967
 -31.5		  -7.98680887
 -31.4		  -7.38581901
 -31.3		  -6.66346786
 -31.2		  -5.81029690
 -31.1		  -4.81719540
 -31.0		  -3.67685368
 -30.9		  -2.38528699
 -30.8		  -0.94327510
 -30.7		   0.64243968
 -30.6		   2.35834110
 -30.5		   4.18383308
 -30.4		   6.09152036
 -30.3		   8.04813462
 -30.2		  10.01282421
 -30.1		  11.94164380
 -30.0		  13.79563958
 -29.9		  15.53964881
 -29.8		  17.14474551
 -29.7		  18.59030550
 -29.6		  19.86550290
 -29.5		  20.97009129
 -29.4		  21.91437622
 -29.3		  22.71834720
 -29.2		  23.41000323
 -29.1		  24.02297090
 -29.0		  24.59357381
 -28.9		  25.15829977
 -28.8		  25.75276498
 -28.7		  26.39883913
 -28.6		  27.10729030
 -28.5		  27.87671240
 -28.4		  28.69308407
 -28.3		  29.53036603
 -28.2		  30.35211031
 -28.1		  31.11397954
 -28.0		  31.76700557
 -27.9		  32.26136016
 -27.8		  32.55036852
 -27.7		  32.59447218
 -27.6		  32.35497965
 -27.5		  31.80989177
 -27.4		  30.98216541
 -27.3		  29.89477941
 -27.2		  28.58616355
 -27.1		  27.10799983
 -27.0		  25.52205394
 -26.9		  23.89625926
 -26.8		  22.30032472
 -26.7		  20.80116819
 -26.6		  19.45848867
 -26.5		  18.32078234
 -26.4		  17.42418664
 -26.3		  16.80680113
 -26.2		  16.43949650
 -26.1		  16.29805169
 -26.0		  16.34340996
 -25.9		  16.52479240
 -25.8		  16.78350818
 -25.7		  17.05718021
 -25.6		  17.28408682
 -25.5		  17.40732103
 -25.4		  17.37848679
 -25.3		  17.16068578
 -25.2		  16.72255575
 -25.1		  16.04977329
 -25.0		  15.16776814
 -24.9		  14.09921373
 -24.8		  12.87582987
 -24.7		  11.53506660
 -24.6		  10.11652823
 -24.5		   8.65840979
 -24.4		   7.19420627
 -24.3		   5.74992947
 -24.2		   4.34202888
 -24.1		   2.97643959
 -24.0		   1.64858357
 -23.9		   0.33488874
 -23.8		  -0.99102480
 -23.7		  -2.35974960
 -23.6		  -3.80290548
 -23.5		  -5.34989618
 -23.4		  -7.02484956
 -23.3		  -8.84396288
 -23.2		 -10.81344435
 -23.1		 -12.92820200
 -23.0		 -15.17346643
 -22.9		 -17.52150473
 -22.8		 -19.91917824
 -22.7		 -22.31944941
 -22.6		 -24.67274129
 -22.5		 -26.93028814
 -22.4		 -29.04741914
 -22.3		 -30.98655952
 -22.2		 -32.71975676
 -22.1		 -34.23057096
 -22.0		 -35.51520577
 -21.9		 -36.56813743
 -21.8		 -37.42561140
 -21.7		 -38.13228226
 -21.6		 -38.73041924
 -21.5		 -39.26568213
 -21.4		 -39.78391234
 -21.3		 -40.32800593
 -21.2		 -40.93505472
 -21.1		 -41.63392016
 -21.0		 -42.44337779
 -20.9		 -43.37657136
 -20.8		 -44.42786665
 -20.7		 -45.56861409
 -20.6		 -46.76995529
 -20.5		 -47.99651918
 -20.4		 -49.20888624
 -20.3		 -50.36615229
 -20.2		 -51.42843206
 -20.1		 -52.35915543
 -20.0		 -53.12702552
 -19.9		 -53.69608041
 -19.8		 -54.04505291
 -19.7		 -54.18256067
 -19.6		 -54.11084493
 -19.5		 -53.83802929
 -19.4		 -53.37663566
 -19.3		 -52.74195413
 -19.2		 -51.95039046
 -19.1		 -51.01790910
 -19.0		 -49.95867988
 -18.9		 -48.77428438
 -18.8		 -47.47862084
 -18.7		 -46.07879451
 -18.6		 -44.57458133
 -18.5		 -42.96401858
 -18.4		 -41.24460508
 -18.3		 -39.41460007
 -18.2		 -37.47431901
 -18.1		 -35.42732693
 -18.0		 -33.27966837
 -17.9		 -31.04011999
 -17.8		 -28.74055328
 -17.7		 -26.40624338
 -17.6		 -24.06598449
 -17.5		 -21.75078129
 -17.4		 -19.49232918
 -17.3		 -17.32137467
 -17.2		 -15.26605069
 -17.1		 -13.35028326
 -17.0		 -11.61127824
 -16.9		 -10.04609169
 -16.8		  -8.65018196
 -16.7		  -7.41572961
 -16.6		  -6.32816319
 -16.5		  -5.36720951
 -16.4		  -4.50824289
 -16.3		  -3.72385826
 -16.2		  -2.98558527
 -16.1		  -2.26459758
 -16.0		  -1.53104487
 -15.9		  -0.76599361
 -15.8		   0.04287701
 -15.7		   0.90176419
 -15.6		   1.81079969
 -15.5		   2.76448458
 -15.4		   3.75246430
 -15.3		   4.76059639
 -15.2		   5.77068126
 -15.1		   6.76138318
 -15.0		   7.71710027
 -14.9		   8.62540182
 -14.8		   9.47784338
 -14.7		  10.27057471
 -14.6		  11.00461997
 -14.5		  11.68582612
 -14.4		  12.32448701
 -14.3		  12.93401053
 -14.2		  13.53691207
 -14.1		  14.15244677
 -14.0		  14.79776829
 -13.9		  15.48793543
 -13.8		  16.23493931
 -13.7		  17.04695097
 -13.6		  17.92782242
 -13.5		  18.87686608
 -13.4		  19.89573602
 -13.3		  20.96437091
 -13.2		  22.06857892
 -13.1		  23.19355864
 -13.0		  24.32436435
 -12.9		  25.44700062
 -12.8		  26.54943251
 -12.7		  27.62246404
 -12.6		  28.65900910
 -12.5		  29.65590867
 -12.4		  30.62217905
 -12.3		  31.56658206
 -12.2		  32.50087330
 -12.1		  33.43902001
 -12.0		  34.39633288
 -11.9		  35.38855856
 -11.8		  36.43097887
 -11.7		  37.54603244
 -11.6		  38.74310365
 -11.5		  40.02658896
 -11.4		  41.40101342
 -11.3		  42.86825529
 -11.2		  44.42793070
 -11.1		  46.07791981
 -11.0		  47.81500156
 -10.9		  49.63843595
 -10.8		  51.55138138
 -10.7		  53.54288576
 -10.6		  55.61397217
 -10.5		  57.76780624
 -10.4		  60.00961742
 -10.3		  62.34641960
 -10.2		  64.78654260
 -10.1		  67.33898937
 -10.0		  70.02987553
  -9.9		  72.85418987
  -9.8		  75.81195775
  -9.7		  78.90231412
  -9.6		  82.11978788
  -9.5		  85.45384744
  -9.4		  88.88866214
  -9.3		  92.40309557
  -9.2		  95.97197826
  -9.1		  99.55420406
  -9.0		 103.11016699
  -8.9		 106.60282327
  -8.8		 109.99519333
  -8.7		 113.25167209
  -8.6		 116.33929358
  -8.5		 119.22890926
  -8.4		 121.88561571
  -8.3		 124.27093840
  -8.2		 126.40349256
  -8.1		 128.28231840
  -8.0		 129.91256315
  -7.9		 131.30483658
  -7.8		 132.47437310
  -7.7		 133.44003100
  -7.6		 134.22117188
  -7.5		 134.82365948
  -7.4		 135.29605875
  -7.3		 135.65723024
  -7.2		 135.92269584
  -7.1		 136.10401132
  -7.0		 136.20835342
  -6.9		 136.23832686
  -6.8		 136.19199511
  -6.7		 136.04814121
  -6.6		 135.80549300
  -6.5		 135.45109305
  -6.4		 134.97023761
  -6.3		 134.34836884
  -6.2		 133.57207935
  -6.1		 132.63006349
  -6.0		 131.51398791
  -5.9		 130.19484730
  -5.8		 128.69503503
  -5.7		 127.02722169
  -5.6		 125.20409836
  -5.5		 123.24268190
  -5.4		 121.16382316
  -5.3		 118.99158256
  -5.2		 116.75249076
  -5.1		 114.47469710
  -5.0		 112.19677163
  -4.9		 109.94713838
  -4.8		 107.75088694
  -4.7		 105.63031748
  -4.6		 103.60438745
  -4.5		 101.68828543
  -4.4		  99.89313953
  -4.3		  98.24229409
  -4.2		  96.72594622
  -4.1		  95.33537023
  -4.0		  94.06389853
  -3.9		  92.90244055
  -3.8		  91.84010354
  -3.7		  90.86483718
  -3.6		  89.96408559
  -3.5		  89.13149494
  -3.4		  88.34797909
  -3.3		  87.60230734
  -3.2		  86.88760066
  -3.1		  86.19911886
  -3.0		  85.53428736
  -2.9		  84.89262493
  -2.8		  84.27557675
  -2.7		  83.69081029
  -2.6		  83.14129875
  -2.5		  82.63137930
  -2.4		  82.16622944
  -2.3		  81.75047634
  -2.2		  81.38782491
  -2.1		  81.08074057
  -2.0		  80.83019597
  -1.9		  80.64277868
  -1.8		  80.50819717
  -1.7		  80.41979079
  -1.6		  80.37113632
  -1.5		  80.35490035
  -1.4		  80.36319895
  -1.3		  80.38798280
  -1.2		  80.42143568
  -1.1		  80.45545535
  -1.0		  80.48331855
  -0.9		  80.50149257
  -0.8		  80.50813866
  -0.7		  80.50311251
  -0.6		  80.48789257
  -0.5		  80.46543213
  -0.4		  80.43993907
  -0.3		  80.41823808
  -0.2		  80.40673182
  -0.1		  80.41093014
   0.0		  80.43572724
   0.1		  80.48508326
   0.2		  80.56178393
   0.3		  80.66726665
   0.4		  80.80167264
   0.5		  80.96699638
   0.6		  81.15490726
   0.7		  81.36093509
   0.8		  81.58013241
   0.9		  81.80743450
   1.0		  82.03802019
   1.1		  82.26766062
   1.2		  82.49293609
   1.3		  82.71089782
   1.4		  82.92261710
   1.5		  83.12997902
   1.6		  83.33618495
   1.7		  83.54553060
   1.8		  83.76312219
   1.9		  83.99454096
   2.0		  84.24615248
   2.1		  84.52721108
   2.2		  84.83864502
   2.3		  85.18274181
   2.4		  85.56020071
   2.5		  85.97006251
   2.6		  86.40973147
   2.7		  86.87508881
   2.8		  87.36111176
   2.9		  87.86086209
   3.0		  88.36468001
   3.1		  88.86599551
   3.2		  89.35909946
   3.3		  89.83953178
   3.4		  90.30440521
   3.5		  90.75265253
   3.6		  91.18474358
   3.7		  91.60400036
   3.8		  92.01839740
   3.9		  92.43513232
   4.0		  92.86215298
   4.1		  93.30764715
   4.2		  93.77951056
   4.3		  94.28481105
   4.4		  94.83096996
   4.5		  95.42567985
   4.6		  96.06369177
   4.7		  96.74214469
   4.8		  97.45564628
   4.9		  98.19645934
   5.0		  98.95479350
   5.1		  99.71919215
   5.2		 100.47618754
   5.3		 101.20723243
   5.4		 101.90055304
   5.5		 102.54463813
   5.6		 103.12960203
   5.7		 103.64752461
   5.8		 104.09269257
   5.9		 104.46173696
   6.0		 104.75171152
   6.1		 104.95643157
   6.2		 105.09106347
   6.3		 105.16135726
   6.4		 105.17390513
   6.5		 105.13572840
   6.6		 105.05388886
   6.7		 104.93513790
   6.8		 104.78536515
   6.9		 104.60713197
   7.0		 104.40873951
   7.1		 104.19283178
   7.2		 103.96123726
   7.3		 103.71512975
   7.4		 103.45520171
   7.5		 103.18183581
   7.6		 102.89526038
   7.7		 102.59376805
   7.8		 102.27935615
   7.9		 101.95222633
   8.0		 101.61205797
   8.1		 101.25791979
   8.2		 100.88798793
   8.3		 100.49925336
   8.4		 100.08723593
   8.5		  99.64088676
   8.6		  99.15136726
   8.7		  98.60862490
   8.8		  97.99963171
   8.9		  97.31012474
   9.0		  96.52512357
   9.1		  95.62955473
   9.2		  94.60896743
   9.3		  93.43893208
   9.4		  92.10612056
   9.5		  90.61737778
   9.6		  88.97240795
   9.7		  87.17571154
   9.8		  85.23674535
   9.9		  83.16987395
  10.0		  80.99410456
  10.1		  78.73127634
  10.2		  76.40866119
  10.3		  74.06703671
  10.4		  71.73585024
  10.5		  69.44321137
  10.6		  67.21469668
  10.7		  65.07225728
  10.8		  63.03326936
  10.9		  61.10976702
  11.0		  59.32206861
  11.1		  57.65722335
  11.2		  56.10142311
  11.3		  54.64049465
  11.4		  53.25651245
  11.5		  51.92891780
  11.6		  50.63573727
  11.7		  49.35485284
  11.8		  48.06388859
  11.9		  46.73928033
  12.0		  45.36976891
  12.1		  43.94770014
  12.2		  42.47020375
  12.3		  40.93906348
  12.4		  39.36033641
  12.5		  37.74374396
  12.6		  36.10186251
  12.7		  34.45010172
  12.8		  32.80726643
  12.9		  31.18718173
  13.0		  29.60102232
  13.1		  28.05700069
  13.2		  26.55991565
  13.3		  25.11093160
  13.4		  23.70759621
  13.5		  22.34441044
  13.6		  21.01431024
  13.7		  19.70040276
  13.8		  18.39097563
  13.9		  17.07492433
  14.0		  15.74258740
  14.1		  14.38645731
  14.2		  13.00173277
  14.3		  11.58668335
  14.4		  10.14182471
  14.5		   8.67232968
  14.6		   7.18973826
  14.7		   5.70418775
  14.8		   4.22656003
  14.9		   2.76769334
  15.0		   1.33763767
  15.1		  -0.05500111
  15.2		  -1.40358672
  15.3		  -2.70091941
  15.4		  -3.94410353
  15.5		  -5.13883852
  15.6		  -6.28809378
  15.7		  -7.39555812
  15.8		  -8.46486605
  15.9		  -9.49880734
  16.0		 -10.49857244
  16.1		 -11.46308653
  16.2		 -12.38593923
  16.3		 -13.25586439
  16.4		 -14.06468187
  16.5		 -14.79833568
  16.6		 -15.44116069
  16.7		 -15.97681307
  16.8		 -16.38931342
  16.9		 -16.66414399
  17.0		 -16.78933719
  17.1		 -16.75226827
  17.2		 -16.53584847
  17.3		 -16.16175626
  17.4		 -15.63917533
  17.5		 -14.98200699
  17.6		 -14.20812350
  17.7		 -13.33835688
  17.8		 -12.39527330
  17.9		 -11.40179362
  18.0		 -10.37972983
  18.1		  -9.34920625
  18.2		  -8.32673026
  18.3		  -7.31918321
  18.4		  -6.32710101
  18.5		  -5.34476780
  18.6		  -4.36051414
  18.7		  -3.35736216
  18.8		  -2.31398232
  18.9		  -1.20591159
  19.0		  -0.00209446
  19.1		   1.33461720
  19.2		   2.81911962
  19.3		   4.47100666
  19.4		   6.30531247
  19.5		   8.33196320
  19.6		  10.55557312
  19.7		  12.97558361
  19.8		  15.58672539
  19.9		  18.37976721
  20.0		  21.35339324
  20.1		  24.48784624
  20.2		  27.75953110
  20.3		  31.15540196
  20.4		  34.66425579
  20.5		  38.27713042
  20.6		  41.98738968
  20.7		  45.79049204
  20.8		  49.68345899
  20.9		  53.66407950
  21.0		  57.73565334
  21.1		  61.89085911
  21.2		  66.11712139
  21.3		  70.40212596
  21.4		  74.72896403
  21.5		  79.07596181
  21.6		  83.41688367
  21.7		  87.72151283
  21.8		  91.95658973
  21.9		  96.08706398
  22.0		 100.07020313
  22.1		 103.86024127
  22.2		 107.43965092
  22.3		 110.78525987
  22.4		 113.88023226
  22.5		 116.71456679
  22.6		 119.28512262
  22.7		 121.59516007
  22.8		 123.65341346
  22.9		 125.47274343
  23.0		 127.06844659
  23.1		 128.43858825
  23.2		 129.61300068
  23.3		 130.60447813
  23.4		 131.41540193
  23.5		 132.04150946
  23.6		 132.47166579
  23.7		 132.68824190
  23.8		 132.66809607
  23.9		 132.38411629
  24.0		 131.80724356
  24.1		 130.90885953
  24.2		 129.62578394
  24.3		 127.97124466
  24.4		 125.94087673
  24.5		 123.53833429
  24.6		 120.77894954
  24.7		 117.68984470
  24.8		 114.30927107
  24.9		 110.68519361
  25.0		 106.87318682
  25.1		 102.93375322
  25.2		  98.92921757
  25.3		  94.92450938
  25.4		  90.98207916
  25.5		  87.14529454
  25.6		  83.44596365
  25.7		  79.90305222
  25.8		  76.52225556
  25.9		  73.29645761
  26.0		  70.20704803
  26.1		  67.22601432
  26.2		  64.31867529
  26.3		  61.44687831
  26.4		  58.57244759
  26.5		  55.65437373
  26.6		  52.66728762
  26.7		  49.59724578
  26.8		  46.44168467
  26.9		  43.21019697
  27.0		  39.92405890
  27.1		  36.61487902
  27.2		  33.32246639
  27.3		  30.09206737
  27.4		  26.97116231
  27.5		  24.00604484
  27.6		  21.23842382
  27.7		  18.71771023
  27.8		  16.46200154
  27.9		  14.47013926
  28.0		  12.73580069
  28.1		  11.24002571
  28.2		   9.95256686
  28.3		   8.83398518
  28.4		   7.83833598
  28.5		   6.91625257
  28.6		   6.01821197
  28.7		   5.09775706
  28.8		   4.11445447
  28.9		   3.03638735
  29.0		   1.83423729
  29.1		   0.50325816
  29.2		  -0.94840159
  29.3		  -2.50524941
  29.4		  -4.14301798
  29.5		  -5.83080727
  29.6		  -7.53354616
  29.7		  -9.21458463
  29.8		 -10.83822710
  29.9		 -12.37202925
  30.0		 -13.78870452
  30.1		 -15.06752057
  30.2		 -16.19510709
  30.3		 -17.16564276
  30.4		 -17.96902006
  30.5		 -18.62594422
  30.6		 -19.14982054
  30.7		 -19.55578127
  30.8		 -19.85941134
  30.9		 -20.07504200
  31.0		 -20.21426701
  31.1		 -20.28478097
  31.2		 -20.28960972
  31.3		 -20.22676929
  31.4		 -20.08935672
  31.5		 -19.86604377
  31.6		 -19.54191738
  31.7		 -19.09958894
  31.8		 -18.51826983
  31.9		 -17.77076826
  32.0		 -16.84927079
  32.1		 -15.74075882
  32.2		 -14.43627749
  32.3		 -12.93163423
  32.4		 -11.22784627
  32.5		  -9.33134055
  32.6		  -7.25392286
  32.7		  -5.01254299
  32.8		  -2.62888757
  32.9		  -0.12883391
  33.0		   2.45820421
  33.1		   5.10001241
  33.2		   7.76237229
  33.3		  10.40990383
  33.4		  13.00656415
  33.5		  15.50970001
  33.6		  17.88959455
  33.7		  20.11609353
  33.8		  22.16265696
  33.9		  24.00716234
  34.0		  25.63259867
  34.1		  27.02760590
  34.2		  28.18681408
  34.3		  29.11094032
  34.4		  29.80661110
  34.5		  30.28589197
  34.6		  30.56552499
  34.7		  30.66589644
  34.8		  30.60978006
  34.9		  30.42092351
  35.0		  30.12256483
  35.1		  29.73597958
  35.2		  29.27904090
  35.3		  28.76291226
  35.4		  28.19903803
  35.5		  27.58957739
  35.6		  26.93161344
  35.7		  26.21786487
  35.8		  25.43777754
  35.9		  24.57891068
  36.0		  23.62850502
  36.1		  22.57510103
  36.2		  21.41006811
  36.3		  20.12890924
  36.4		  18.73222288
  36.5		  17.22623119
  36.6		  15.62282099
  36.7		  13.93908691
  36.8		  12.19641154
  36.9		  10.41916119
  37.0		   8.63311321
  37.1		   6.86375894
  37.2		   5.13464062
  37.3		   3.46615238
  37.4		   1.87745043
  37.5		   0.37535041
  37.6		  -1.03596555
  37.7		  -2.35710890
  37.8		  -3.59250601
  37.9		  -4.74905431
  38.0		  -5.83455391
  38.1		  -6.85608022
  38.2		  -7.81847164
  38.3		  -8.72309826
  38.4		  -9.56705212
  38.5		 -10.34285953
  38.6		 -11.03876476
  38.7		 -11.63957649
  38.8		 -12.12800948
  38.9		 -12.48640034
  39.0		 -12.69863221
  39.1		 -12.75207491
  39.2		 -12.63933697
  39.3		 -12.35963599
  39.4		 -11.91962368
  39.5		 -11.33354945
  39.6		 -10.62270758
  39.7		  -9.81418224
  39.8		  -8.93897506
  39.9		  -8.02966539
  40.0		  -7.11839932
  40.1		  -6.23400760
  40.2		  -5.39745415
  40.3		  -4.62153662
  40.4		  -3.90980981
  40.5		  -3.25631538
  40.6		  -2.64619525
  40.7		  -2.05716205
  40.8		  -1.46171972
  40.9		  -0.82995506
  41.0		  -0.13266339
  41.1		   0.65546497
  41.2		   1.55288364
  41.3		   2.56872675
  41.4		   3.70107707
  41.5		   4.93613905
  41.6		   6.24841275
  41.7		   7.60187803
  41.8		   8.95210954
  41.9		  10.24916059
  42.0		  11.44098519
  42.1		  12.47711943
  42.2		  13.31231901
  42.3		  13.90985316
  42.4		  14.24418425
  42.5		  14.30281604
  42.6		  14.08716541
  42.7		  13.61239677
  42.8		  12.90624711
  42.9		  12.00695479
  43.0		  10.96047876
  43.1		   9.81725120
  43.2		   8.62873976
  43.3		   7.44410387
  43.4		   6.30721264
  43.5		   5.25425161
  43.6		   4.31208626
  43.7		   3.49747848
  43.8		   2.81717356
  43.9		   2.26879893
  44.0		   1.84244720
  44.1		   1.52276171
  44.2		   1.29130764
  44.3		   1.12899709
  44.4		   1.01834399
  44.5		   0.94560104
  44.6		   0.90139779
  44.7		   0.88227917
  44.8		   0.89058420
  44.9		   0.93374951
  45.0		   1.02321147
  45.1		   1.17290022
  45.2		   1.39748223
  45.3		   1.71052172
  45.4		   2.12272916
  45.5		   2.64044854
  45.6		   3.26450617
  45.7		   3.98950678
  45.8		   4.80362071
  45.9		   5.68886354
  46.0		   6.62183052
  46.1		   7.57481521
  46.2		   8.51721729
  46.3		   9.41713000
  46.4		  10.24299281
  46.5		  10.96519902
  46.6		  11.55756018
  46.7		  11.99854663
  46.8		  12.27224434
  46.9		  12.36899104
  47.0		  12.28567582
  47.1		  12.02570693
  47.2		  11.59866873
  47.3		  11.01970260
  47.4		  10.30865643
  47.5		   9.48905399
  47.6		   8.58693990
  47.7		   7.62965748
  47.8		   6.64461709
  47.9		   5.65811118
  48.0		   4.69422956
  48.1		   3.77392375
  48.2		   2.91426342
  48.3		   2.12791936
  48.4		   1.42289727
  48.5		   0.80253359
  48.6		   0.26575071
  48.7		  -0.19244726
  48.8		  -0.58027194
  48.9		  -0.90829014
  49.0		  -1.18846575
  49.1		  -1.43317250
  49.2		  -1.65424942
  49.3		  -1.86216768
  49.4		  -2.06536959
  49.5		  -2.26982584
  49.6		  -2.47883907
  49.7		  -2.69312835
  49.8		  -2.91098306
  49.9		  -3.12887347
  50.0		  -3.34212963
  50.1		  -3.54563286
  50.2		  -3.73452474
  50.3		  -3.90483910
  50.4		  -4.05399372
  50.5		  -4.18109436
  50.6		  -4.28702429
  50.7		  -4.37431591
  50.8		  -4.44682430
  50.9		  -4.50924334
  51.0		  -4.56652150
  51.1		  -4.62324404
  51.2		  -4.68305059
  51.3		  -4.74815216
  51.4		  -4.81899895
  51.5		  -4.89413301
  51.6		  -4.97023824
  51.7		  -5.04237845
  51.8		  -5.10439325
  51.9		  -5.14940485
  52.0		  -5.17037753
  52.1		  -5.16066735
  52.2		  -5.11450229
  52.3		  -5.02734232
  52.4		  -4.89608435
  52.5		  -4.71909478
  52.6		  -4.49607325
  52.7		  -4.22776970
  52.8		  -3.91559338
  52.9		  -3.56116412
  53.0		  -3.16586152
  53.1		  -2.73042762
  53.2		  -2.25467198
  53.3		  -1.73731669
  53.4		  -1.17600394
  53.5		  -0.56747203
  53.6		   0.09211087
  53.7		   0.80668093
  53.8		   1.57971806
  53.9		   2.41363556
  54.0		   3.30916812
  54.1		   4.26601782
  54.2		   5.27891549
  54.3		   6.33967961
  54.4		   7.43741021
  54.5		   8.55790504
  54.6		   9.68382584
  54.7		  10.79504005
  54.8		  11.86912985
  54.9		  12.88205427
  55.0		  13.80894523
  55.1		  14.62501257
  55.2		  15.30652814
  55.3		  15.83185273
  55.4		  16.18246329
  55.5		  16.34393160
  55.6		  16.30680032
  55.7		  16.06729916
  55.8		  15.62784387
  55.9		  14.99726576
  56.0		  14.19072882
  56.1		  13.22930738
  56.2		  12.13921778
  56.3		  10.95072206
  56.4		   9.69674921
  56.5		   8.41130548
  56.6		   7.12812154
  56.7		   5.88031264
  56.8		   4.69432676
  56.9		   3.59132016
  57.0		   2.58611425
  57.1		   1.68673681
  57.2		   0.89445945
  57.3		   0.20433300
  57.4		  -0.39382227
  57.5		  -0.91405642
  57.6		  -1.37268038
  57.7		  -1.78655300
  57.8		  -2.17142180
  57.9		  -2.54047066
  58.0		  -2.90320825
  58.1		  -3.26479736
  58.2		  -3.62588094
  58.3		  -3.98290978
  58.4		  -4.32892482
  58.5		  -4.65469952
  58.6		  -4.94958503
  58.7		  -5.20259794
  58.8		  -5.40754831
  58.9		  -5.56025429
  59.0		  -5.66031500
  59.1		  -5.71128998
  59.2		  -5.72039764
  59.3		  -5.69777017
  59.4		  -5.65535290
  59.5		  -5.60557691
  59.6		  -5.55995913
  59.7		  -5.52779271
  59.8		  -5.51507973
  59.9		  -5.52383014
  60.0		  -5.55180875
  60.1		  -5.59275956
  60.2		  -5.63708181
  60.3		  -5.67261555
  60.4		  -5.68496812
  60.5		  -5.66228104
  60.6		  -5.59423655
  60.7		  -5.47351686
  60.8		  -5.29646387
  60.9		  -5.06328431
  61.0		  -4.77777789
  61.1		  -4.44662201
  61.2		  -4.07829942
  61.3		  -3.68179688
  61.4		  -3.26523150
  61.5		  -2.83457053
  61.6		  -2.39260208
  61.7		  -1.93828696
  61.8		  -1.46646942
  61.9		  -0.96630289
  62.0		  -0.42690406
  62.1		   0.16494848
  62.2		   0.82221363
  62.3		   1.55590641
  62.4		   2.37348371
  62.5		   3.27745900
  62.6		   4.26438491
  62.7		   5.32430592
  62.8		   6.44073797
  62.9		   7.59118155
  63.0		   8.74812693
  63.1		   9.88046736
  63.2		  10.95353508
  63.3		  11.92912226
  63.4		  12.77949335
  63.5		  13.47795945
  63.6		  14.00321622
  63.7		  14.34043512
  63.8		  14.48195995
  63.9		  14.42759226
  64.0		  14.18447727
  64.1		  13.76662533
  64.2		  13.19412033
  64.3		  12.49207659
  64.4		  11.68940965
  64.5		  10.81621581
  64.6		   9.90809995
  64.7		   8.99911726
  64.8		   8.11904876
  64.9		   7.29447060
  65.0		   6.54773233
  65.1		   5.89616228
  65.2		   5.35154666
  65.3		   4.91992119
  65.4		   4.60170337
  65.5		   4.39217580
  65.6		   4.28230927
  65.7		   4.26282898
  65.8		   4.31766456
  65.9		   4.42978088
  66.0		   4.58655843
  66.1		   4.77829516
  66.2		   4.99928693
  66.3		   5.24850843
  66.4		   5.52980469
  66.5		   5.85154307
  66.6		   6.22572481
  66.7		   6.66660874
  66.8		   7.19073797
  66.9		   7.81599895
  67.0		   8.54626934
  67.1		   9.38442637
  67.2		  10.32611010
  67.3		  11.35888825
  67.4		  12.46209701
  67.5		  13.60740613
  67.6		  14.76008849
  67.7		  15.88090508
  67.8		  16.92845578
  67.9		  17.85586988
  68.0		  18.62136656
  68.1		  19.19913606
  68.2		  19.56654606
  68.3		  19.71033054
  68.4		  19.62716168
  68.5		  19.32347913
  68.6		  18.81462106
  68.7		  18.12336451
  68.8		  17.27803264
  68.9		  16.30903922
  69.0		  15.24765236
  69.1		  14.13353593
  69.2		  12.99549506
  69.3		  11.85827694
  69.4		  10.74190383
  69.5		   9.66148390
  69.6		   8.62743955
  69.7		   7.64605686
  69.8		   6.72023951
  69.9		   5.85162705
  70.0		   5.04069202
  70.1		   4.28145276
  70.2		   3.57099260
  70.3		   2.90631896
  70.4		   2.28452470
  70.5		   1.70285000
  70.6		   1.15870381
  70.7		   0.64970102
  70.8		   0.17375810
  70.9		  -0.26883091
  71.0		  -0.68005027
  71.1		  -1.06029158
  71.2		  -1.40781789
  71.3		  -1.71941870
  71.4		  -1.99043824
  71.5		  -2.21501845
  71.6		  -2.38657478
  71.7		  -2.49848823
  71.8		  -2.54219499
  71.9		  -2.51276603
  72.0		  -2.41289852
  72.1		  -2.24554315
  72.2		  -2.01759748
  72.3		  -1.73990268
  72.4		  -1.42681939
  72.5		  -1.09539078
  72.6		  -0.76415225
  72.7		  -0.45316523
  72.8		  -0.18165834
  72.9		   0.03827962
  73.0		   0.19796404
  73.1		   0.29394030
  73.2		   0.32820320
  73.3		   0.30787277
  73.4		   0.24435256
  73.5		   0.15205624
  73.6		   0.04703461
  73.7		  -0.05324752
  73.8		  -0.13544888
  73.9		  -0.19012668
  74.0		  -0.21219465
  74.1		  -0.20120416
  74.2		  -0.16107920
  74.3		  -0.09935054
  74.4		  -0.02599535
  74.5		   0.04694976
  74.6		   0.10843203
  74.7		   0.15039949
  74.8		   0.16790069
  74.9		   0.15959711
  75.0		   0.12778649
  75.1		   0.07794990
  75.2		   0.01789498
  75.3		  -0.04282981
  75.4		  -0.09448321
  75.5		  -0.12998626
  75.6		  -0.14479619
  75.7		  -0.13744290
  75.8		  -0.10963962
  75.9		  -0.06595897
  76.0		  -0.01312759
  76.1		   0.04060760
  76.2		   0.08638645
  76.3		   0.11779569
  76.4		   0.13065581
  76.5		   0.12354139
  76.6		   0.09791899
  76.7		   0.05788325
  76.8		   0.00953446
  76.9		  -0.03962294
  77.0		  -0.08138585
  77.1		  -0.10983497
  77.2		  -0.12109668
  77.3		  -0.11384610
  77.4		  -0.08944954
  77.5		  -0.05173008
  77.6		  -0.00639354
  77.7		   0.03947659
  77.8		   0.07822911
  77.9		   0.10433121
  78.0		   0.11417256
  78.1		   0.10655064
  78.2		   0.08280790
  78.3		   0.04661074
  78.4		   0.00340484
  78.5		  -0.03993493
  78.6		  -0.07627070
  78.7		  -0.10038211
  78.8		  -0.10889277
  78.9		  -0.10073305
  79.0		  -0.07726688
  79.1		  -0.04207507
  79.2		  -0.00042819
  79.3		   0.04085381
  79.4		   0.07514470
  79.5		   0.09748204
  79.6		   0.10470334
  79.7		   0.09587820
  79.8		   0.07242175
  79.9		   0.03787650
  80.0		  -0.00258679
  80.1		  -0.04213807
  80.2		  -0.07462767
  80.3		  -0.09532675
  80.4		  -0.10127309
  80.5		  -0.09167991
  80.6		  -0.06803440
  80.7		  -0.03387421
  80.8		   0.00567766
  80.9		   0.04372041
  81.0		   0.07457461
  81.1		   0.09372309
  81.2		   0.09839431
  81.3		   0.08794858
  81.4		   0.06396043
  81.5		   0.02975490
  81.6		  -0.00885557
  81.7		  -0.04555017
  81.8		  -0.07488663
  81.9		  -0.09254338
  82.0		  -0.09593256
  82.1		  -0.08456419
  82.2		  -0.06000617
  82.3		  -0.02563125
  82.4		   0.01211986
  82.5		   0.04758705
  82.6		   0.07549343
  82.7		   0.09170072
  82.8		   0.09379925
  82.9		   0.08145059
  83.0		   0.05564905
  83.1		   0.02153660
  83.2		  -0.01546241
  83.3		  -0.04979752
  83.4		  -0.07634333
  83.5		  -0.09113491
  83.6		  -0.09193600
  83.7		  -0.07779548
  83.8		  -0.05139853
  83.9		  -0.01746484
  84.0		   0.01887011
  84.1		   0.05215265
  84.2		   0.07739734
  84.3		   0.09080402
  84.4		   0.08970944
  84.5		   0.07404284
  84.6		   0.04724506
  84.7		   0.01342009
  84.8		  -0.02232639
  84.9		  -0.05462675
  85.0		  -0.07862547
  85.1		  -0.09029622
  85.2		  -0.08700132
  85.3		  -0.07043389
  85.4		  -0.04319066
  85.5		  -0.00941393
  85.6		   0.02581216
  85.7		   0.05719656
  85.8		   0.07980619
  85.9		   0.08900152
  86.0		   0.08445468
  86.1		   0.06697158
  86.2		   0.03924614
  86.3		   0.00546356
  86.4		  -0.02930639
  86.5		  -0.05976525
  86.6		  -0.08007097
  86.7		  -0.08785622
  86.8		  -0.08207347
  86.9		  -0.06366733
  87.0		  -0.03542920
  87.1		  -0.00159074
  87.2		   0.03277070
  87.3		   0.06149993
  87.4		   0.08044389
  87.5		   0.08686343
  87.6		   0.07986890
  87.7		   0.06053953
  87.8		   0.03176337
  87.9		  -0.00217884
  88.0		  -0.03567183
  88.1		  -0.06327580
  88.2		  -0.08092427
  88.3		  -0.08603170
  88.4		  -0.07785835
  88.5		  -0.05761266
  88.6		  -0.02827727
  88.7		   0.00578264
  88.8		   0.03852858
  88.9		   0.06508535
  89.0		   0.08151489
  89.1		   0.08537450
  89.2		   0.07606489
  89.3		   0.05491683
  89.4		   0.02452047
  89.5		  -0.00924867
  89.6		  -0.04132420
  89.7		  -0.06692241
  89.8		  -0.08222174
  89.9		  -0.08490995
  90.0		  -0.07451701
